*********************************************************************
Starting Simulation Types: A2C, PPO, Defender2000, Random, Static
Simulations per Type:      200
Steps per Simulation:      5000
---------------------------------------------------------------------
Graph Name:                simple_webservice
Attack Name:               professional
Only Nodes:                True
Only Detection Systems:    False
Nodes Pause:               1
Detection Systems Pause:   1
*********************************************************************
Simulation Type:          A2C
Learning Time:            835.9 sec
---------------------------------------------------------------------
Avg steps:                5000.0
Avg reward/step:          20.074
Avg null action ratio:    [0.0, 1.0]
Avg invalid actions:      [0.0, 0.0]

Min steps:                5000
Max steps:                5000

Defender wins:            200
Attacker wins:            0

Steps each sim:           [5000, 5000, 5000, 5000, 5000, 5000, 5000, 5000, 5000, 5000, 5000, 5000, 5000, 5000, 5000, 5000, 5000, 5000, 5000, 5000, 5000, 5000, 5000, 5000, 5000, 5000, 5000, 5000, 5000, 5000, 5000, 5000, 5000, 5000, 5000, 5000, 5000, 5000, 5000, 5000, 5000, 5000, 5000, 5000, 5000, 5000, 5000, 5000, 5000, 5000, 5000, 5000, 5000, 5000, 5000, 5000, 5000, 5000, 5000, 5000, 5000, 5000, 5000, 5000, 5000, 5000, 5000, 5000, 5000, 5000, 5000, 5000, 5000, 5000, 5000, 5000, 5000, 5000, 5000, 5000, 5000, 5000, 5000, 5000, 5000, 5000, 5000, 5000, 5000, 5000, 5000, 5000, 5000, 5000, 5000, 5000, 5000, 5000, 5000, 5000, 5000, 5000, 5000, 5000, 5000, 5000, 5000, 5000, 5000, 5000, 5000, 5000, 5000, 5000, 5000, 5000, 5000, 5000, 5000, 5000, 5000, 5000, 5000, 5000, 5000, 5000, 5000, 5000, 5000, 5000, 5000, 5000, 5000, 5000, 5000, 5000, 5000, 5000, 5000, 5000, 5000, 5000, 5000, 5000, 5000, 5000, 5000, 5000, 5000, 5000, 5000, 5000, 5000, 5000, 5000, 5000, 5000, 5000, 5000, 5000, 5000, 5000, 5000, 5000, 5000, 5000, 5000, 5000, 5000, 5000, 5000, 5000, 5000, 5000, 5000, 5000, 5000, 5000, 5000, 5000, 5000, 5000, 5000, 5000, 5000, 5000, 5000, 5000, 5000, 5000, 5000, 5000, 5000, 5000, 5000, 5000, 5000, 5000, 5000, 5000]
Reward each sim:          [100950, 100350, 100600, 101450, 100600, 97100, 103500, 101350, 99950, 100450, 99350, 101000, 99500, 98400, 102150, 98050, 100400, 99350, 98650, 99550, 101250, 99950, 103000, 100100, 100250, 96450, 100450, 100750, 101400, 98700, 100350, 100550, 102450, 97950, 99250, 97950, 99000, 100050, 100050, 98350, 97450, 101250, 102950, 100500, 101400, 102000, 98800, 98350, 100500, 104550, 96450, 97900, 98150, 100750, 97650, 102300, 99100, 99000, 98600, 99500, 104550, 101850, 102050, 102200, 99250, 101100, 100750, 103700, 100750, 102400, 100400, 97650, 101750, 99950, 100100, 98800, 99700, 101550, 99050, 98150, 101950, 104700, 100500, 99700, 100500, 99250, 102300, 102650, 101500, 100000, 99050, 97200, 103600, 101350, 100600, 101150, 100450, 99050, 100250, 100850, 99500, 100700, 98700, 100100, 97600, 100900, 98950, 97950, 101400, 103250, 101550, 104350, 100250, 102000, 102050, 98100, 100400, 99800, 100800, 98950, 101350, 100850, 101850, 102250, 99300, 100900, 99300, 99650, 98600, 99150, 101000, 102200, 101000, 101300, 101000, 100800, 100750, 98550, 102450, 100100, 99500, 96500, 102600, 99950, 98550, 103450, 99150, 98300, 102550, 101150, 101600, 99400, 99050, 102550, 96850, 99250, 101000, 100650, 100450, 99250, 99850, 101500, 101700, 102850, 102750, 101600, 97350, 100100, 98400, 102500, 100050, 101100, 99100, 103300, 97600, 100900, 101200, 100000, 99600, 101150, 101100, 99200, 99150, 102850, 99450, 101500, 102300, 101800, 100100, 103200, 97450, 104550, 101700, 98650, 98500, 101050, 100400, 98950, 97300, 100650]
*********************************************************************
Simulation Type:          PPO
Learning Time:            1371.8 sec
---------------------------------------------------------------------
Avg steps:                5000.0
Avg reward/step:          20.069
Avg null action ratio:    [0.0, 1.0]
Avg invalid actions:      [0.0, 0.0]

Min steps:                5000
Max steps:                5000

Defender wins:            200
Attacker wins:            0

Steps each sim:           [5000, 5000, 5000, 5000, 5000, 5000, 5000, 5000, 5000, 5000, 5000, 5000, 5000, 5000, 5000, 5000, 5000, 5000, 5000, 5000, 5000, 5000, 5000, 5000, 5000, 5000, 5000, 5000, 5000, 5000, 5000, 5000, 5000, 5000, 5000, 5000, 5000, 5000, 5000, 5000, 5000, 5000, 5000, 5000, 5000, 5000, 5000, 5000, 5000, 5000, 5000, 5000, 5000, 5000, 5000, 5000, 5000, 5000, 5000, 5000, 5000, 5000, 5000, 5000, 5000, 5000, 5000, 5000, 5000, 5000, 5000, 5000, 5000, 5000, 5000, 5000, 5000, 5000, 5000, 5000, 5000, 5000, 5000, 5000, 5000, 5000, 5000, 5000, 5000, 5000, 5000, 5000, 5000, 5000, 5000, 5000, 5000, 5000, 5000, 5000, 5000, 5000, 5000, 5000, 5000, 5000, 5000, 5000, 5000, 5000, 5000, 5000, 5000, 5000, 5000, 5000, 5000, 5000, 5000, 5000, 5000, 5000, 5000, 5000, 5000, 5000, 5000, 5000, 5000, 5000, 5000, 5000, 5000, 5000, 5000, 5000, 5000, 5000, 5000, 5000, 5000, 5000, 5000, 5000, 5000, 5000, 5000, 5000, 5000, 5000, 5000, 5000, 5000, 5000, 5000, 5000, 5000, 5000, 5000, 5000, 5000, 5000, 5000, 5000, 5000, 5000, 5000, 5000, 5000, 5000, 5000, 5000, 5000, 5000, 5000, 5000, 5000, 5000, 5000, 5000, 5000, 5000, 5000, 5000, 5000, 5000, 5000, 5000, 5000, 5000, 5000, 5000, 5000, 5000, 5000, 5000, 5000, 5000, 5000, 5000]
Reward each sim:          [98550, 100400, 100100, 102600, 99800, 101650, 100250, 99550, 99750, 98900, 101250, 98300, 101800, 97200, 101000, 99350, 104000, 103600, 98600, 99400, 95250, 100700, 100250, 99450, 101550, 101650, 100600, 98950, 100800, 102400, 102300, 99850, 99100, 103000, 98850, 101350, 100350, 99050, 100800, 100550, 100650, 100150, 98600, 101150, 98950, 99650, 100800, 99750, 104400, 100150, 103100, 99100, 98050, 98650, 102300, 100900, 99550, 101250, 98600, 99850, 101550, 101600, 98650, 99800, 97900, 100250, 99500, 99250, 99700, 101300, 101050, 99650, 101900, 101050, 98150, 98850, 99250, 100200, 100200, 99550, 99200, 99450, 101200, 98800, 99550, 103500, 101400, 102500, 100750, 100850, 99350, 98350, 100650, 101350, 97350, 100300, 101150, 99450, 102200, 100000, 100950, 102600, 101200, 96750, 100800, 101750, 100700, 99300, 96100, 100200, 97750, 103000, 100200, 101900, 104000, 101050, 98750, 99950, 100650, 97800, 100750, 101250, 98400, 101400, 99950, 101350, 99650, 98850, 101150, 101250, 102700, 100400, 100550, 102450, 98900, 99700, 97900, 99500, 100250, 96800, 101200, 100550, 102450, 98800, 101700, 97500, 97650, 97750, 101100, 101750, 102000, 104200, 102450, 99200, 98600, 98800, 100350, 100550, 98050, 102850, 100250, 99900, 101950, 100750, 101550, 102400, 98900, 97700, 100500, 102400, 100600, 100700, 100000, 102850, 103250, 100150, 99350, 101100, 99150, 101550, 100800, 101750, 104050, 100500, 100700, 100900, 99900, 99900, 98900, 101350, 102050, 98650, 97900, 99900, 101200, 100950, 102450, 100500, 100850, 99900]
*********************************************************************
Simulation Type:          Defender2000
Learning Time:            0 sec
---------------------------------------------------------------------
Avg steps:                33.68
Avg reward/step:          10.969
Avg null action ratio:    [0.082, 1.0]
Avg invalid actions:      [0.0, 0.0]

Min steps:                5
Max steps:                105

Defender wins:            0
Attacker wins:            200

Steps each sim:           [9, 29, 18, 69, 29, 9, 29, 38, 32, 29, 70, 20, 25, 8, 46, 34, 5, 26, 52, 72, 54, 24, 18, 11, 29, 102, 84, 33, 24, 39, 14, 9, 8, 29, 58, 30, 54, 38, 47, 69, 16, 54, 21, 73, 20, 7, 17, 6, 46, 20, 10, 6, 47, 11, 16, 23, 21, 54, 41, 54, 6, 23, 93, 54, 16, 18, 12, 54, 21, 50, 34, 20, 17, 44, 85, 7, 19, 75, 28, 65, 24, 56, 38, 8, 52, 36, 21, 44, 22, 13, 5, 39, 8, 84, 34, 33, 35, 23, 41, 43, 5, 49, 33, 8, 34, 36, 25, 50, 19, 32, 44, 64, 29, 7, 44, 42, 7, 14, 66, 62, 25, 30, 43, 20, 16, 18, 41, 15, 24, 62, 17, 86, 39, 30, 18, 10, 13, 69, 34, 42, 18, 97, 11, 19, 43, 48, 23, 23, 14, 25, 36, 64, 12, 25, 25, 9, 16, 105, 15, 36, 19, 62, 17, 22, 41, 11, 14, 62, 27, 36, 23, 92, 66, 64, 36, 41, 64, 62, 28, 23, 60, 28, 67, 6, 32, 36, 21, 24, 15, 7, 41, 22, 12, 12, 17, 54, 12, 9, 46, 33]
Reward each sim:          [-145, -155, -55, 975, 455, -200, 300, 425, 220, 465, 1080, 205, 230, -205, 355, 680, -320, 0, 485, 1105, 1025, -275, -150, -330, 410, 2250, 2070, 490, -320, 560, -225, -190, -255, 305, 1505, 405, 775, 750, 605, 955, -210, 760, 15, 1705, 255, -310, 240, -270, 705, -125, -150, -265, 960, -95, -10, 115, -90, 1245, 670, 1000, -270, 370, 1935, 790, -215, 95, -180, 540, 210, 15, 335, 250, 95, 940, 1120, -215, 150, 1385, 215, 1195, -65, 960, 160, -205, 835, 460, 415, 890, 115, -175, -320, 395, -160, 1750, 280, 335, 745, -480, 625, 430, -315, 860, 620, -210, 190, 595, 500, 920, 100, 365, 745, 1245, 310, -260, 230, 415, -210, -325, 805, 1390, 385, 405, 735, -240, -165, 195, 775, -65, 485, 830, 50, 1870, 160, 270, -210, -190, -175, 915, 695, 480, 240, 1765, -140, -295, 620, 600, 330, -135, -320, 390, 545, 1450, -35, 30, -65, -155, 180, 1555, -20, 440, 250, 1130, -250, -30, 720, -195, 25, 1080, 285, -215, 25, 1615, 1220, 1305, 580, -125, 1240, 950, -255, 25, 555, 505, 1105, -265, 115, 235, -235, 375, -320, -365, 805, 30, -35, -30, -215, 1190, -185, -195, 600, 525]
*********************************************************************
Simulation Type:          Random
Learning Time:            0 sec
---------------------------------------------------------------------
Avg steps:                30.725
Avg reward/step:          8.674
Avg null action ratio:    [0.126, 1.0]
Avg invalid actions:      [0.0, 0.0]

Min steps:                6
Max steps:                113

Defender wins:            0
Attacker wins:            200

Steps each sim:           [19, 23, 68, 90, 8, 87, 32, 41, 8, 11, 21, 73, 38, 24, 35, 8, 85, 7, 39, 38, 11, 39, 23, 51, 10, 12, 21, 113, 13, 62, 8, 15, 34, 31, 32, 16, 13, 20, 20, 34, 33, 64, 12, 16, 12, 25, 31, 60, 36, 11, 26, 42, 18, 7, 16, 37, 63, 40, 62, 32, 22, 20, 35, 14, 55, 54, 63, 61, 13, 50, 47, 102, 43, 37, 24, 6, 34, 28, 17, 16, 30, 12, 33, 19, 18, 69, 52, 24, 25, 20, 33, 56, 19, 45, 7, 11, 24, 24, 22, 40, 14, 28, 36, 8, 42, 62, 22, 30, 43, 11, 17, 30, 9, 29, 80, 54, 9, 30, 19, 39, 18, 34, 24, 9, 6, 9, 16, 29, 43, 37, 23, 51, 23, 13, 13, 23, 12, 11, 75, 66, 20, 28, 19, 59, 32, 34, 15, 14, 7, 8, 12, 13, 28, 44, 24, 14, 17, 39, 22, 17, 15, 52, 37, 35, 39, 92, 41, 34, 18, 10, 15, 32, 10, 6, 26, 12, 48, 32, 27, 22, 17, 31, 87, 38, 46, 52, 27, 39, 31, 19, 47, 24, 9, 24, 14, 20, 33, 9, 9, 53]
Reward each sim:          [-90, 190, 1280, 1430, -205, 1575, 635, 480, -205, -270, 125, 1225, 410, 240, 710, -205, 1080, -260, 810, 555, -245, 830, 235, 820, -550, -330, -80, 2075, -230, 1050, -205, -215, 490, -100, -15, -215, -125, -25, 15, 530, 180, 820, -280, -165, -125, 100, 5, 770, 245, -90, 55, 280, -355, -200, -265, 100, 1165, -65, 770, 130, 170, 85, 590, -125, 975, 400, 1105, 735, -220, 225, 505, 2105, 675, 600, 385, -260, 230, 105, 85, 190, -40, -235, 145, 310, 205, 945, 900, -210, -255, 210, 270, 925, 250, 700, -260, -180, 285, 125, 120, 595, -330, 170, 515, -155, 685, 1005, -30, 215, 600, -140, -50, 370, -255, 310, 1025, 890, -145, 360, 100, 525, -85, 160, 185, -155, -270, -200, -310, 125, 585, 590, 35, 935, 170, -185, 20, 435, -320, -335, 825, 1320, 50, 310, 210, 1225, 315, 445, -65, -220, -210, -310, -185, -170, 150, 545, -115, 75, 0, 615, -130, 155, -275, 250, 505, 535, 745, 2110, 535, 90, 0, -95, -260, 575, -45, -270, 195, -185, 330, 580, 260, -75, 140, 270, 1175, 545, 420, 805, 5, 620, 325, -95, 1030, 495, -305, 330, -170, 160, 190, -295, -195, 805]
*********************************************************************
Simulation Type:          Static
Learning Time:            0 sec
---------------------------------------------------------------------
Avg steps:                21.66
Avg reward/step:          6.988
Avg null action ratio:    [1.0, 1.0]
Avg invalid actions:      [0.0, 0.0]

Min steps:                5
Max steps:                81

Defender wins:            0
Attacker wins:            200

Steps each sim:           [28, 41, 14, 19, 14, 27, 22, 23, 7, 14, 81, 16, 7, 17, 10, 11, 15, 11, 29, 41, 42, 18, 22, 27, 17, 11, 24, 27, 20, 50, 36, 32, 13, 25, 16, 23, 59, 6, 14, 22, 14, 31, 10, 22, 27, 11, 13, 10, 8, 42, 22, 17, 42, 30, 13, 23, 16, 29, 18, 25, 22, 8, 45, 6, 7, 14, 15, 25, 28, 17, 50, 7, 44, 28, 10, 20, 36, 14, 42, 24, 10, 31, 21, 6, 9, 38, 19, 19, 29, 32, 23, 26, 13, 24, 19, 17, 25, 25, 15, 7, 26, 23, 17, 13, 31, 6, 14, 14, 33, 19, 10, 18, 55, 15, 41, 16, 9, 23, 24, 5, 14, 6, 26, 30, 17, 21, 8, 22, 20, 11, 31, 16, 8, 13, 18, 45, 7, 12, 11, 24, 16, 25, 30, 12, 38, 6, 21, 8, 54, 14, 25, 23, 7, 33, 15, 7, 34, 13, 5, 58, 19, 13, 54, 38, 57, 16, 22, 16, 20, 8, 19, 17, 23, 6, 40, 25, 31, 5, 13, 5, 17, 25, 27, 8, 14, 21, 24, 13, 37, 23, 22, 50, 16, 24, 13, 6, 13, 35, 21, 16]
Reward each sim:          [230, 810, -260, 40, -260, 570, 220, 380, -230, -260, 1660, -240, -180, -230, -100, -190, 150, -40, 640, 1010, 1170, 280, 520, 220, 20, -290, 190, 270, 350, 1050, 610, 370, -220, 150, -190, 230, 1140, -240, 90, 220, 140, 760, -250, 70, 520, -240, -170, -150, -170, 720, -230, 70, 820, 600, -120, 480, 260, 740, 330, 300, 170, -170, 800, -240, -180, 90, -200, 400, 280, 170, 450, -180, 990, 580, -200, 300, 460, 40, 1020, -60, -150, 260, 160, -240, -110, 480, -210, -10, 340, 170, 280, 160, -220, 340, -10, 270, 200, 50, 150, -230, 510, 280, -130, -170, 260, -240, -60, 90, 530, 190, -100, -20, 900, -200, 710, 110, -210, -20, 90, -300, -260, -290, 310, 300, -130, -140, -170, 320, 250, -240, 360, 210, -170, -170, 30, 300, -230, -230, -40, -160, -290, 0, 550, -230, 530, -240, 110, -170, 1040, -110, 100, 130, -180, 530, 150, -180, 640, -170, -300, 1280, -260, -220, 1240, 180, 1070, 210, 170, -190, 200, -170, 40, -230, 330, -240, 850, 200, 360, -300, -70, -300, 270, 0, 520, -270, -210, 210, 390, -220, 170, 230, -230, 950, -90, 240, -20, -240, -220, 200, -40, 160]
*********************************************************************
A2C is the most effective algorithm with 5000.0 avg steps.
A2C is the most efficient algorithm with 20.074 avg reward/step.
