*********************************************************************
Starting Simulation Types: A2C, PPO, Defender2000, Random, Static
Simulations per Type:      200
Steps per Simulation:      5000
---------------------------------------------------------------------
Graph Name:                simple_webservice
Attack Name:               professional
Only Nodes:                False
Only Detection Systems:    False
Nodes Pause:               6
Detection Systems Pause:   3
*********************************************************************
Simulation Type:          A2C
Learning Time:            6908.7 sec
---------------------------------------------------------------------
Avg steps:                214.195
Avg reward/step:          31.636
Avg null action ratio:    [1.0, 0.696]
Avg invalid actions:      [0.0, 0.281]

Min steps:                5
Max steps:                1248

Defender wins:            0
Attacker wins:            200

Steps each sim:           [310, 211, 95, 128, 73, 434, 88, 109, 72, 18, 181, 115, 121, 322, 720, 312, 555, 153, 139, 281, 414, 259, 94, 411, 253, 37, 533, 101, 55, 288, 197, 230, 340, 90, 87, 128, 324, 111, 356, 47, 302, 132, 38, 551, 217, 283, 64, 63, 149, 293, 26, 114, 331, 166, 169, 117, 169, 111, 123, 55, 294, 362, 144, 368, 94, 198, 97, 49, 332, 178, 269, 135, 182, 75, 124, 482, 312, 31, 109, 110, 19, 156, 259, 105, 40, 258, 469, 319, 478, 88, 78, 161, 181, 392, 117, 12, 245, 131, 216, 62, 345, 285, 54, 72, 101, 55, 91, 63, 103, 404, 329, 42, 434, 166, 28, 17, 89, 389, 11, 50, 53, 196, 21, 76, 73, 526, 24, 109, 158, 117, 382, 1248, 636, 552, 771, 318, 198, 77, 159, 82, 103, 660, 559, 556, 41, 262, 83, 103, 171, 113, 412, 311, 70, 82, 214, 502, 120, 87, 201, 131, 103, 5, 322, 58, 253, 346, 383, 9, 242, 108, 403, 20, 308, 115, 307, 47, 212, 18, 504, 51, 199, 173, 220, 334, 39, 11, 313, 728, 584, 35, 95, 325, 116, 281, 191, 378, 42, 974, 83, 223]
Reward each sim:          [9920, 5930, 2792, 4048, 2134, 13630, 2078, 3576, 1978, -32, 5500, 3626, 3934, 9184, 22896, 10224, 17912, 5186, 4348, 9592, 14040, 8134, 2536, 13710, 8076, 698, 17606, 3304, 1218, 9258, 6354, 7508, 11206, 2490, 2864, 3804, 9684, 3242, 12192, 1242, 9398, 4286, 456, 18374, 6836, 10706, 1902, 1786, 4556, 10056, 594, 2976, 9758, 5806, 5490, 3758, 4482, 3138, 4554, 1366, 9360, 11850, 4650, 12354, 2584, 6208, 2708, 1812, 10464, 4568, 9284, 3564, 5958, 2152, 3966, 15482, 9882, 486, 3178, 3538, 228, 4518, 8486, 3344, 676, 8220, 15810, 9504, 15734, 2476, 2182, 5264, 5300, 13086, 3450, 62, 7736, 3680, 6482, 1632, 10802, 9528, 1158, 2276, 2296, 1610, 2862, 1094, 3124, 12846, 11022, 1394, 14428, 5308, 514, 10, 2884, 13108, -50, 1520, 1596, 6132, 396, 1862, 2184, 17628, 476, 3422, 5034, 3300, 12392, 42080, 20134, 17732, 25600, 10286, 6756, 1826, 5294, 2172, 2818, 22198, 16992, 19476, 936, 8714, 2424, 3268, 5662, 3408, 12860, 9770, 2206, 2470, 6404, 16508, 3884, 2314, 6492, 3778, 2972, -304, 10078, 1496, 7522, 11950, 11894, -64, 7720, 3020, 13288, 288, 9732, 3532, 9726, 1040, 6394, 168, 17130, 1128, 6660, 4926, 7156, 10236, 768, -98, 9186, 23400, 20670, 926, 3242, 10450, 3598, 8538, 6896, 12490, 940, 31006, 2382, 6746]
*********************************************************************
Simulation Type:          PPO
Learning Time:            14167.0 sec
---------------------------------------------------------------------
Avg steps:                998.035
Avg reward/step:          34.664
Avg null action ratio:    [0.97, 0.693]
Avg invalid actions:      [0.004, 0.358]

Min steps:                18
Max steps:                5000

Defender wins:            1
Attacker wins:            199

Steps each sim:           [3376, 1006, 1931, 159, 585, 563, 1823, 546, 816, 1127, 56, 1751, 1658, 86, 423, 802, 2059, 1115, 298, 169, 18, 2604, 1207, 2342, 300, 280, 583, 507, 296, 20, 935, 182, 1871, 67, 1997, 549, 287, 428, 3103, 166, 183, 1248, 3434, 506, 1886, 163, 2253, 407, 132, 322, 226, 81, 46, 579, 1771, 1060, 974, 825, 363, 1605, 1794, 921, 173, 843, 239, 329, 1338, 958, 1432, 2039, 1882, 327, 99, 2027, 579, 700, 956, 1866, 1289, 138, 3474, 735, 2154, 2072, 251, 208, 240, 384, 138, 758, 610, 284, 1558, 2018, 1483, 68, 701, 758, 205, 810, 544, 1694, 2176, 1057, 311, 1859, 75, 805, 182, 4544, 2038, 896, 153, 376, 2845, 69, 792, 59, 326, 947, 713, 646, 5000, 1262, 1720, 1135, 1163, 1990, 2128, 674, 756, 638, 883, 42, 277, 426, 219, 1937, 1188, 4050, 339, 129, 221, 2485, 2637, 718, 56, 1384, 47, 1075, 398, 2021, 392, 2020, 712, 826, 277, 1667, 87, 2307, 274, 1620, 468, 212, 757, 2312, 167, 565, 4020, 206, 326, 83, 247, 1122, 341, 516, 864, 211, 831, 192, 1474, 141, 357, 922, 2003, 1788, 1146, 1175, 56, 1485, 1883, 1232, 299, 540, 355, 1759, 121, 595, 565, 2991]
Reward each sim:          [118186, 34389, 64197, 5426, 20014, 17757, 63116, 17908, 28809, 39748, 1517, 61892, 57533, 3046, 13703, 26623, 73946, 37743, 10682, 4926, 165, 90821, 43610, 83696, 10069, 9626, 20264, 17923, 10550, 236, 32318, 6226, 62959, 1221, 70581, 19307, 10176, 15298, 108212, 5594, 6283, 44016, 124129, 17211, 67682, 5367, 79378, 13817, 4284, 9777, 6812, 2255, 1372, 20880, 59857, 37838, 35016, 28659, 12200, 55910, 62344, 31745, 5700, 29493, 8104, 10661, 47068, 34559, 49732, 70563, 64949, 11065, 3263, 69539, 19476, 25444, 32997, 65039, 43800, 4291, 124656, 25855, 73350, 71045, 8024, 6734, 7940, 13007, 4321, 26039, 21451, 8925, 54062, 69335, 53008, 1923, 24568, 27892, 7044, 28486, 20121, 61347, 73033, 37525, 9784, 66922, 2299, 27611, 5375, 160066, 69936, 32018, 5051, 12358, 98132, 1734, 28231, 1694, 10988, 31465, 23345, 21775, 179056, 43891, 61048, 40214, 40394, 69594, 74755, 22142, 26703, 22071, 30005, 1085, 9582, 13617, 6533, 67980, 40542, 141192, 11735, 4227, 7062, 83846, 93027, 25978, 1614, 48649, 1432, 36915, 13757, 70129, 13260, 69368, 23592, 28247, 9044, 56231, 2998, 81257, 8999, 56033, 14831, 6656, 27958, 80886, 4848, 20406, 138574, 6603, 11245, 2618, 8081, 38548, 10760, 17557, 29632, 6630, 28615, 6707, 50634, 4207, 11173, 31260, 68040, 63116, 37583, 40623, 1364, 52347, 66853, 43141, 10081, 17234, 12083, 61793, 3926, 20238, 19576, 103940]
*********************************************************************
Simulation Type:          Defender2000
Learning Time:            0 sec
---------------------------------------------------------------------
Avg steps:                196.065
Avg reward/step:          31.261
Avg null action ratio:    [0.21, 0.497]
Avg invalid actions:      [0.0, 0.0]

Min steps:                5
Max steps:                945

Defender wins:            0
Attacker wins:            200

Steps each sim:           [237, 177, 91, 330, 168, 10, 650, 228, 196, 16, 286, 717, 35, 21, 160, 129, 40, 551, 240, 156, 18, 88, 261, 28, 15, 234, 197, 121, 91, 203, 112, 197, 479, 284, 42, 105, 147, 59, 133, 587, 235, 141, 78, 5, 126, 139, 61, 34, 162, 70, 65, 129, 53, 67, 73, 155, 134, 99, 406, 270, 12, 482, 186, 470, 21, 589, 123, 419, 205, 244, 343, 114, 49, 12, 43, 64, 67, 47, 226, 281, 29, 7, 183, 183, 251, 175, 45, 83, 173, 67, 109, 428, 7, 62, 136, 133, 245, 253, 268, 100, 81, 60, 324, 38, 23, 50, 205, 191, 227, 52, 30, 309, 135, 154, 209, 226, 118, 65, 113, 5, 434, 14, 427, 93, 80, 121, 628, 886, 118, 75, 17, 113, 49, 500, 505, 149, 39, 945, 104, 327, 66, 197, 72, 120, 12, 26, 28, 119, 127, 392, 340, 28, 318, 205, 97, 256, 596, 342, 337, 196, 170, 356, 95, 395, 123, 125, 338, 97, 97, 852, 205, 470, 110, 583, 63, 63, 216, 35, 31, 226, 242, 257, 106, 470, 263, 214, 680, 382, 141, 69, 325, 258, 162, 386, 115, 179, 392, 61, 52, 421]
Reward each sim:          [6807, 5194, 2652, 10996, 4977, -89, 22617, 7458, 5921, 93, 8565, 23073, 926, 64, 4968, 3453, 812, 16597, 7885, 5247, 1, 2438, 8448, 627, 76, 7660, 6489, 4071, 2525, 6376, 3120, 6100, 15791, 9280, 1054, 3039, 4418, 1841, 3829, 18617, 7095, 4551, 2307, -324, 3858, 4198, 1404, 674, 5264, 1656, 1692, 3758, 1171, 1682, 2059, 4744, 4316, 3362, 13283, 8285, -40, 16218, 5839, 14906, 165, 18994, 2958, 13616, 6510, 8045, 10601, 2849, 1298, -42, 1088, 1715, 1579, 1134, 6694, 8261, 581, -211, 6044, 5527, 8285, 6173, 1066, 2270, 5024, 1593, 3109, 13990, -211, 1927, 3715, 3928, 8677, 7478, 8335, 3018, 1872, 1658, 10819, 581, 526, 1108, 6767, 6318, 7655, 1204, 803, 10296, 4265, 4379, 6386, 7024, 3872, 2086, 3310, -317, 15106, 116, 14223, 2498, 1660, 3428, 19841, 29019, 3938, 2100, 227, 3529, 1295, 16437, 17162, 4716, 949, 29798, 3156, 9490, 2104, 6870, 1311, 3560, -123, 539, 648, 3925, 3954, 10981, 11325, 492, 10554, 6914, 3427, 8062, 20008, 10452, 11297, 6134, 5017, 12041, 2544, 12112, 3719, 3837, 10801, 2891, 2485, 29276, 7083, 16298, 3007, 19252, 1467, 1709, 6405, 474, 814, 6621, 7908, 8570, 3410, 15101, 8654, 7126, 21953, 12412, 4490, 1337, 10979, 7473, 4857, 11730, 3548, 5566, 12625, 1648, 1426, 13683]
*********************************************************************
Simulation Type:          Random
Learning Time:            0 sec
---------------------------------------------------------------------
Avg steps:                125.955
Avg reward/step:          27.22
Avg null action ratio:    [0.243, 0.534]
Avg invalid actions:      [0.0, 0.0]

Min steps:                5
Max steps:                983

Defender wins:            0
Attacker wins:            200

Steps each sim:           [63, 288, 59, 113, 24, 75, 90, 89, 338, 305, 41, 123, 17, 40, 136, 389, 158, 111, 59, 46, 14, 390, 86, 120, 16, 56, 66, 187, 9, 202, 198, 131, 55, 77, 15, 13, 96, 379, 8, 14, 105, 233, 29, 72, 47, 94, 983, 97, 136, 17, 15, 15, 27, 78, 600, 249, 57, 71, 286, 110, 81, 208, 100, 156, 101, 183, 110, 75, 496, 148, 6, 31, 61, 113, 49, 6, 53, 76, 5, 35, 60, 55, 9, 180, 136, 19, 265, 330, 389, 208, 144, 106, 28, 216, 131, 134, 133, 63, 67, 65, 71, 184, 150, 188, 62, 60, 75, 12, 69, 10, 41, 133, 21, 115, 31, 226, 271, 74, 7, 387, 117, 10, 55, 149, 48, 61, 182, 75, 113, 61, 79, 392, 171, 266, 6, 56, 178, 104, 23, 179, 655, 175, 16, 286, 13, 105, 392, 188, 138, 142, 25, 56, 107, 431, 378, 70, 128, 90, 11, 247, 40, 11, 103, 29, 61, 225, 14, 135, 68, 311, 106, 54, 107, 28, 11, 6, 50, 152, 211, 286, 78, 102, 44, 6, 90, 145, 138, 19, 109, 30, 65, 166, 163, 84, 648, 69, 62, 122, 13, 17]
Reward each sim:          [971, 7300, 1216, 3094, 480, 2026, 2845, 2174, 9332, 8327, 824, 3179, 137, 557, 3976, 11614, 5261, 3335, 1325, 843, 26, 11452, 2290, 3083, -29, 1300, 1020, 5561, -111, 6300, 5144, 3583, 1727, 1983, 33, 15, 2963, 11413, -163, 63, 3440, 7448, 359, 1940, 951, 2681, 29319, 2513, 3888, 84, -121, 149, 542, 1593, 17003, 6019, 1345, 1683, 8051, 3151, 2184, 6290, 2731, 4393, 3100, 5147, 3122, 2450, 14370, 4717, -266, 618, 1794, 2972, 1164, -271, 1182, 1953, -329, 778, 1656, 1224, -351, 5495, 4155, 152, 7470, 9334, 10887, 5629, 3420, 2970, 306, 7027, 3197, 3206, 3922, 1682, 1961, 2081, 1985, 4925, 4221, 4856, 1319, 1536, 1933, -92, 1631, -201, 524, 3977, 160, 2785, 681, 6417, 7693, 1757, -366, 11985, 3135, -98, 1085, 3350, 1257, 1912, 5255, 2194, 3200, 1387, 2490, 11124, 4715, 8220, -264, 1360, 5888, 2601, 121, 5155, 19359, 4414, -12, 8720, 68, 2998, 11066, 5333, 2889, 3802, 329, 1501, 3124, 13707, 11017, 1788, 3435, 2541, -148, 6773, 866, -300, 2688, 553, 1679, 6853, -16, 3387, 1779, 8738, 2938, 1399, 2388, 497, 9, -271, 1298, 4302, 5701, 8531, 1904, 2578, 738, -324, 2233, 4226, 3803, 152, 2843, 415, 1258, 5017, 5267, 2107, 17097, 1757, 1681, 3313, -86, 143]
*********************************************************************
Simulation Type:          Static
Learning Time:            0 sec
---------------------------------------------------------------------
Avg steps:                22.435
Avg reward/step:          6.88
Avg null action ratio:    [1.0, 1.0]
Avg invalid actions:      [0.0, 0.0]

Min steps:                5
Max steps:                66

Defender wins:            0
Attacker wins:            200

Steps each sim:           [20, 16, 6, 22, 8, 35, 8, 40, 13, 33, 22, 15, 16, 18, 24, 14, 21, 20, 24, 24, 46, 14, 30, 24, 17, 44, 12, 27, 23, 16, 42, 11, 45, 35, 5, 13, 45, 10, 11, 26, 22, 31, 27, 17, 26, 19, 54, 8, 54, 31, 23, 61, 37, 19, 41, 15, 22, 5, 35, 14, 7, 66, 21, 41, 18, 32, 40, 19, 12, 6, 32, 9, 18, 37, 30, 28, 10, 5, 7, 7, 30, 8, 27, 16, 13, 12, 6, 33, 11, 15, 29, 24, 27, 18, 22, 8, 15, 7, 36, 17, 12, 26, 8, 12, 19, 15, 7, 34, 29, 26, 14, 43, 15, 15, 20, 8, 38, 8, 29, 13, 9, 11, 23, 44, 11, 22, 6, 25, 7, 52, 16, 12, 6, 28, 39, 29, 21, 44, 6, 52, 12, 10, 37, 29, 32, 15, 15, 7, 14, 18, 15, 24, 30, 12, 44, 22, 12, 20, 44, 39, 14, 26, 34, 39, 5, 10, 7, 28, 19, 15, 14, 11, 30, 18, 30, 18, 9, 14, 21, 12, 16, 42, 25, 10, 22, 21, 20, 20, 30, 39, 59, 53, 29, 23, 32, 9, 11, 18, 44, 10]
Reward each sim:          [-50, 110, -240, 70, -120, 450, -170, 250, -170, 280, 370, 0, -90, -70, -160, -260, -240, 150, 140, 90, 910, -160, 200, -10, -130, 890, -230, 220, 480, -190, 920, -290, 1200, 650, -300, -270, 700, -100, -40, 210, 120, 610, 470, 320, 260, 40, 1240, -270, 1140, 110, 230, 1110, 920, -210, 860, -100, 70, -300, 250, 40, -230, 1460, 60, 910, 330, 320, 350, -10, -230, -240, 420, -210, -170, 570, 400, 30, -150, -300, -180, -180, 700, -220, 220, -190, -220, 20, -240, 480, -140, -50, 340, 440, 370, 180, 20, -270, 200, -230, 660, -280, -280, 10, -170, -180, 190, 50, -180, 190, 540, -90, -310, 680, -200, -200, 400, -170, 780, -170, 190, -170, -210, -290, 280, 840, -290, 270, -240, 200, -280, 1070, -90, -230, -240, 480, 490, 240, 110, 990, -240, 820, -30, -100, 570, 290, 570, 50, 100, -230, -360, -70, -200, -10, 400, -230, 890, 170, -130, -150, 840, 640, -160, 560, 90, 790, -300, -150, -230, 230, -110, 50, -160, -340, 500, -320, 300, 230, -210, -160, 410, -80, -140, 770, 500, -150, 170, 210, -300, -250, 450, 590, 1590, 880, 290, 130, 520, -160, -190, 180, 690, -100]
*********************************************************************
PPO is the most effective algorithm with 998.035 avg steps.
PPO is the most efficient algorithm with 34.664 avg reward/step.
