*********************************************************************
Starting Simulation Types: A2C, PPO, Defender2000, Random, Static
Simulations per Type:      200
Steps per Simulation:      5000
---------------------------------------------------------------------
Graph Name:                simple_webservice
Attack Name:               professional
Only Nodes:                False
Only Prevention Systems:   False
Nodes Pause:               1
Prevention Systems Pause:  1
*********************************************************************
Simulation Type:          A2C
Learning Time:            8.4 sec
---------------------------------------------------------------------
Avg steps:                2498.6
Avg reward/step:          46.733
Avg null action ratio:    [0.159, 0.057]
Avg invalid actions:      [0.0, 0.0]

Min steps:                41
Max steps:                5000

Defender wins:            42
Attacker wins:            158

Steps each sim:           [2347, 1021, 1840, 5000, 1496, 251, 998, 5000, 5000, 2119, 1116, 520, 3507, 362, 716, 91, 278, 709, 233, 397, 4303, 5000, 1739, 3482, 3856, 753, 2916, 1198, 3907, 338, 5000, 1232, 734, 617, 5000, 5000, 1572, 5000, 3826, 5000, 5000, 5000, 725, 2346, 2995, 357, 2501, 911, 1910, 3280, 1106, 1230, 5000, 445, 1698, 1438, 168, 1755, 127, 5000, 2217, 5000, 3948, 5000, 4118, 1706, 2560, 3137, 3217, 1921, 866, 1900, 2618, 480, 5000, 2266, 1385, 1717, 2988, 72, 1680, 5000, 1006, 5000, 2337, 3115, 4503, 4388, 1164, 4228, 5000, 4633, 4928, 2744, 1314, 5000, 917, 837, 4696, 2821, 1117, 2236, 5000, 5000, 2300, 5000, 1442, 1323, 167, 1894, 2387, 1057, 1117, 5000, 4311, 766, 5000, 105, 3022, 1018, 49, 5000, 3570, 1788, 2435, 5000, 1237, 5000, 5000, 2768, 995, 1801, 1422, 4257, 41, 2903, 76, 3174, 198, 3498, 2543, 4588, 4983, 151, 650, 5000, 5000, 1730, 2350, 5000, 2138, 2224, 1238, 5000, 5000, 669, 4639, 1312, 5000, 1780, 2359, 178, 239, 5000, 4175, 247, 1017, 5000, 725, 636, 5000, 1622, 66, 1314, 5000, 1703, 5000, 4290, 4229, 1132, 86, 229, 2179, 127, 201, 3357, 473, 1506, 5000, 2406, 2123, 2388, 466, 851, 1927, 1628, 5000, 4553, 1305, 621]
Reward each sim:          [109615, 48274, 86240, 235853, 69339, 11041, 47398, 234849, 235271, 100040, 51561, 23199, 163583, 16186, 32678, 4052, 12539, 32093, 10369, 17424, 199676, 233029, 81219, 164024, 180833, 34596, 136966, 55590, 184330, 15391, 235317, 58777, 33667, 28667, 233802, 234472, 73718, 233736, 178888, 236319, 234728, 234729, 33661, 108265, 138717, 16628, 117487, 43360, 88075, 151169, 51360, 56798, 234171, 20137, 79872, 65594, 7532, 82574, 5972, 235533, 104173, 235120, 186204, 236578, 191673, 79278, 119167, 144790, 149457, 89774, 40160, 88439, 122772, 21989, 233097, 106119, 62814, 79811, 140905, 2742, 79041, 233414, 48181, 231840, 110288, 146247, 212569, 203661, 54539, 198726, 234255, 217156, 229908, 128357, 59377, 234352, 42571, 38647, 219540, 133018, 52253, 103355, 234916, 236028, 107957, 234505, 66852, 62218, 6915, 87663, 112886, 47694, 52668, 231602, 199524, 35357, 235306, 4050, 141445, 48016, 1787, 233013, 168101, 83858, 112489, 235026, 57915, 235483, 234626, 128311, 46531, 82839, 65115, 199256, 1452, 135996, 3097, 148113, 8535, 162334, 118278, 215194, 232982, 6385, 30136, 234746, 233897, 81006, 109017, 236972, 99392, 104439, 57808, 236765, 235753, 30534, 217132, 61994, 232008, 82484, 111592, 7766, 10654, 232214, 196503, 10416, 47196, 233974, 33076, 29607, 232895, 76432, 2441, 61206, 234864, 78143, 233957, 201385, 195120, 52902, 3360, 9836, 102264, 5669, 8675, 156228, 22033, 70205, 233322, 112935, 99166, 112980, 21328, 39643, 88582, 75118, 233560, 213028, 60786, 28483]
*********************************************************************
Simulation Type:          PPO
Learning Time:            15.1 sec
---------------------------------------------------------------------
Avg steps:                2835.735
Avg reward/step:          46.89
Avg null action ratio:    [0.143, 0.117]
Avg invalid actions:      [0.0, 0.0]

Min steps:                20
Max steps:                5000

Defender wins:            57
Attacker wins:            143

Steps each sim:           [1121, 5000, 2214, 3006, 924, 839, 1273, 989, 5000, 5000, 3852, 229, 4719, 1452, 5000, 5000, 2519, 5000, 240, 1364, 4561, 3044, 3282, 3825, 143, 404, 3603, 5000, 1724, 138, 132, 1426, 3046, 3637, 5000, 1030, 1934, 5000, 5000, 5000, 4669, 4093, 1292, 2194, 3865, 3784, 5000, 4154, 5000, 1606, 1215, 3918, 293, 775, 5000, 2117, 5000, 5000, 5000, 2432, 1239, 258, 2381, 424, 2810, 5000, 2681, 147, 3901, 5000, 5000, 1204, 884, 5000, 4639, 2221, 4288, 4300, 5000, 2480, 519, 358, 2232, 5000, 3354, 20, 492, 5000, 5000, 792, 2738, 5000, 34, 3312, 2673, 2139, 518, 192, 5000, 5000, 4022, 571, 231, 1297, 2439, 2080, 3671, 3459, 1878, 5000, 2142, 773, 5000, 779, 1684, 5000, 5000, 5000, 5000, 5000, 824, 3448, 4239, 5000, 1466, 5000, 5000, 2846, 1405, 5000, 2806, 5000, 2842, 3851, 500, 932, 5000, 4479, 1253, 3379, 4990, 36, 347, 420, 5000, 5000, 1939, 2922, 1644, 661, 1932, 4294, 1113, 5000, 1721, 5000, 2092, 717, 2987, 5000, 2064, 49, 1464, 5000, 102, 100, 5000, 5000, 1984, 2432, 1398, 2879, 1288, 5000, 900, 4012, 4054, 86, 512, 5000, 3289, 5000, 24, 5000, 951, 347, 4324, 296, 5000, 645, 1575, 2739, 526, 5000, 782, 2132, 4685, 5000, 3090, 5000]
Reward each sim:          [53036, 234010, 102442, 142430, 43321, 38541, 58860, 46318, 234726, 236821, 183668, 10059, 222817, 67883, 234820, 235871, 117148, 236001, 10827, 63783, 212565, 142378, 153972, 178496, 6378, 18980, 166456, 234048, 80948, 5847, 5819, 66572, 143488, 170530, 234378, 48446, 91513, 236289, 233562, 237660, 217876, 191778, 60064, 101625, 181380, 175769, 231951, 192955, 237022, 75019, 56991, 182521, 13131, 36031, 234853, 98353, 236371, 236892, 232997, 114216, 57698, 11396, 112263, 19782, 132415, 233730, 126506, 6449, 183443, 234029, 234554, 55233, 41911, 234122, 218987, 102867, 203184, 201871, 233938, 117470, 23900, 16519, 104488, 234176, 157615, 479, 22844, 234275, 235673, 37503, 127519, 233840, 972, 155877, 126284, 99308, 24254, 8322, 236518, 236265, 188076, 26471, 10376, 60086, 114253, 96151, 171581, 160109, 87856, 234327, 98637, 36936, 234471, 37065, 78798, 237726, 235253, 234103, 235476, 234397, 38328, 162900, 200373, 233113, 68564, 235128, 234106, 133571, 65351, 237366, 130958, 234612, 132920, 179916, 23217, 43534, 235947, 209654, 57979, 155506, 235175, 1143, 15342, 19823, 234949, 235318, 91717, 136879, 75968, 31325, 91590, 201619, 52525, 236135, 80302, 234794, 98073, 33347, 140774, 237572, 96815, 1924, 68374, 235361, 4193, 4122, 236468, 234184, 92118, 114626, 65359, 134118, 59730, 234092, 42053, 189001, 188404, 3533, 23446, 234382, 153221, 234839, 633, 235736, 44537, 16246, 202055, 12940, 235336, 30045, 72700, 126040, 24818, 234110, 36140, 100589, 220082, 234568, 145903, 233096]
*********************************************************************
Simulation Type:          Defender2000
Learning Time:            0 sec
---------------------------------------------------------------------
Avg steps:                174.02
Avg reward/step:          34.554
Avg null action ratio:    [0.099, 0.281]
Avg invalid actions:      [0.0, 0.0]

Min steps:                5
Max steps:                859

Defender wins:            0
Attacker wins:            200

Steps each sim:           [76, 184, 44, 66, 436, 288, 122, 110, 86, 38, 83, 204, 859, 75, 43, 5, 335, 382, 193, 48, 173, 55, 9, 200, 306, 225, 130, 178, 55, 93, 54, 60, 420, 407, 275, 298, 67, 170, 212, 203, 117, 159, 38, 176, 190, 186, 287, 268, 56, 92, 38, 13, 155, 840, 667, 284, 46, 160, 7, 38, 376, 167, 562, 179, 247, 497, 146, 219, 332, 148, 34, 362, 37, 185, 542, 217, 136, 56, 242, 142, 87, 571, 351, 52, 148, 116, 55, 43, 188, 68, 31, 51, 51, 263, 96, 49, 522, 213, 393, 68, 39, 179, 200, 17, 437, 40, 288, 27, 34, 329, 247, 468, 452, 181, 11, 38, 487, 108, 451, 48, 13, 236, 49, 58, 64, 72, 133, 204, 28, 96, 127, 48, 65, 515, 78, 16, 14, 357, 33, 36, 32, 341, 143, 124, 13, 241, 601, 29, 45, 115, 147, 226, 129, 59, 372, 391, 47, 753, 229, 81, 45, 72, 240, 30, 8, 237, 128, 82, 118, 49, 67, 85, 40, 292, 172, 23, 107, 83, 300, 42, 417, 75, 136, 6, 43, 8, 50, 334, 51, 27, 39, 420, 7, 178, 156, 367, 36, 14, 432, 21]
Reward each sim:          [2372, 6525, 1242, 2137, 15461, 10506, 4173, 3370, 2658, 1055, 2443, 7175, 33690, 2275, 1062, -331, 12103, 13006, 6589, 1318, 5916, 1393, -157, 6432, 11402, 7838, 4576, 6454, 1534, 2932, 1564, 1631, 15310, 13130, 10250, 11763, 2253, 5679, 7644, 7378, 4488, 5705, 1016, 5916, 5816, 5885, 9956, 10062, 1613, 3314, 164, -45, 5572, 31158, 24303, 10756, 838, 5319, -204, 866, 14164, 5656, 20634, 6528, 9530, 19082, 4834, 8138, 11204, 4722, 795, 12999, 1113, 6143, 19785, 7265, 4814, 1714, 8128, 4885, 2350, 21416, 12777, 1575, 4373, 4317, 1621, 1266, 6904, 1857, 402, 1095, 1579, 9347, 3100, 1304, 18656, 7524, 14193, 2076, 922, 6782, 6626, 212, 15310, 539, 10123, 531, 889, 12315, 8434, 17043, 16967, 6375, -52, 1014, 17874, 3525, 16240, 1064, -5, 8597, 1555, 1722, 1759, 2586, 4889, 7880, 677, 2580, 4195, 1506, 1952, 18838, 2557, -137, -38, 12877, 783, 939, 883, 12976, 4712, 4630, 49, 8157, 21969, 658, 977, 3401, 4934, 7531, 4572, 1760, 13284, 13079, 1457, 26842, 8030, 2381, 1309, 2379, 8162, 677, -218, 8200, 4078, 2668, 3926, 1430, 1669, 2788, 988, 10048, 6129, 497, 3417, 2792, 9435, 1081, 14538, 2325, 4131, -266, 1102, -168, 1465, 11415, 1793, 504, 955, 15203, -223, 5573, 4611, 13401, 890, 67, 16714, 304]
*********************************************************************
Simulation Type:          Random
Learning Time:            0 sec
---------------------------------------------------------------------
Avg steps:                123.275
Avg reward/step:          28.711
Avg null action ratio:    [0.126, 0.329]
Avg invalid actions:      [0.0, 0.0]

Min steps:                5
Max steps:                598

Defender wins:            0
Attacker wins:            200

Steps each sim:           [80, 60, 15, 124, 150, 56, 63, 73, 38, 92, 241, 41, 57, 24, 85, 234, 50, 58, 66, 122, 312, 53, 483, 37, 76, 598, 45, 275, 144, 72, 56, 20, 70, 149, 202, 70, 69, 100, 181, 41, 127, 155, 215, 131, 9, 106, 151, 194, 48, 20, 426, 60, 324, 120, 318, 336, 11, 95, 85, 84, 159, 66, 163, 149, 17, 166, 180, 145, 367, 49, 107, 19, 23, 85, 390, 103, 277, 296, 78, 190, 30, 216, 105, 131, 31, 265, 218, 6, 113, 36, 6, 52, 143, 112, 183, 169, 255, 75, 42, 96, 7, 90, 375, 152, 23, 133, 185, 55, 16, 101, 177, 50, 74, 134, 66, 70, 87, 244, 50, 53, 150, 292, 176, 21, 29, 280, 131, 102, 32, 220, 42, 65, 13, 56, 116, 118, 152, 22, 110, 49, 68, 332, 116, 60, 264, 127, 58, 20, 395, 7, 287, 6, 83, 82, 5, 73, 46, 32, 200, 20, 70, 89, 193, 347, 13, 391, 127, 291, 14, 131, 40, 85, 11, 81, 38, 56, 321, 21, 136, 35, 167, 156, 19, 243, 64, 37, 32, 169, 441, 82, 66, 27, 172, 170, 67, 212, 25, 60, 43, 204]
Reward each sim:          [1906, 1854, -236, 3424, 4694, 729, 1738, 1566, 956, 2648, 6681, 1111, 1574, 445, 2062, 6983, 960, 1297, 993, 3449, 10145, 1329, 14504, 853, 1605, 18235, 600, 8572, 3788, 1660, 1231, -27, 1842, 3772, 6364, 1656, 1995, 2182, 6318, 919, 4109, 4863, 5468, 4070, -104, 3242, 4672, 5991, 1206, 236, 11314, 2025, 10285, 4131, 10395, 9763, -303, 2727, 2160, 2067, 4874, 1715, 4906, 4322, 71, 5001, 5861, 4520, 12618, 978, 2637, 239, 336, 2554, 10707, 3275, 7283, 9552, 1823, 5732, 588, 6976, 3205, 3545, 382, 7909, 6518, -276, 3800, 754, -271, 1349, 4210, 3200, 5187, 5018, 9079, 1987, 971, 2842, -223, 2613, 11100, 3981, 301, 3437, 5652, 1545, 13, 2482, 5689, 1223, 2296, 4040, 1026, 2051, 2079, 7371, 1078, 1031, 4850, 9474, 4848, 300, 468, 8702, 4453, 3462, 381, 7254, 1148, 1525, 60, 1583, 3782, 3294, 4068, 142, 3501, 1121, 1725, 11047, 3736, 1456, 7182, 3430, 1453, -174, 12168, -220, 9384, -276, 2621, 2115, -333, 1880, 845, 457, 6442, 286, 1582, 1916, 5930, 9980, 67, 12087, 3753, 9122, 10, 3468, 1109, 2681, -109, 2700, 672, 1634, 9377, 200, 4458, 1022, 5273, 4255, 321, 7524, 1561, 920, 803, 4281, 14065, 2236, 1601, 512, 5773, 5577, 1658, 6101, 207, 1271, 1045, 6139]
*********************************************************************
Simulation Type:          Static
Learning Time:            0 sec
---------------------------------------------------------------------
Avg steps:                20.98
Avg reward/step:          6.806
Avg null action ratio:    [1.0, 1.0]
Avg invalid actions:      [0.0, 0.0]

Min steps:                5
Max steps:                73

Defender wins:            0
Attacker wins:            200

Steps each sim:           [6, 23, 22, 8, 21, 25, 27, 5, 25, 17, 11, 32, 41, 19, 8, 7, 27, 17, 45, 31, 8, 15, 34, 10, 34, 22, 15, 25, 19, 10, 22, 12, 26, 7, 39, 25, 9, 9, 16, 8, 16, 43, 9, 35, 51, 10, 16, 11, 35, 25, 8, 22, 24, 18, 11, 37, 10, 6, 30, 21, 25, 10, 18, 22, 29, 5, 11, 17, 43, 36, 37, 18, 42, 22, 24, 12, 36, 43, 26, 27, 9, 28, 17, 28, 22, 27, 15, 6, 8, 10, 8, 8, 54, 36, 11, 10, 19, 7, 31, 21, 7, 11, 12, 41, 20, 6, 13, 8, 7, 16, 30, 22, 16, 25, 17, 11, 17, 24, 42, 37, 22, 14, 34, 33, 45, 42, 12, 6, 6, 16, 13, 27, 12, 28, 30, 9, 15, 13, 23, 50, 15, 22, 25, 36, 27, 9, 12, 7, 15, 14, 14, 7, 38, 33, 14, 33, 16, 17, 25, 15, 36, 31, 26, 16, 16, 20, 36, 31, 7, 22, 73, 37, 11, 7, 18, 41, 16, 6, 26, 54, 15, 9, 28, 23, 30, 6, 18, 24, 18, 16, 26, 7, 12, 24, 8, 16, 6, 12, 15, 29]
Reward each sim:          [-240, 130, 70, -270, 260, 200, 620, -300, 500, -80, -90, 670, 760, -210, -170, -180, 320, 270, 850, 610, -170, -100, 440, -300, 90, 170, -100, 300, 140, -300, 120, -230, -40, -230, 540, 500, -110, -210, -240, -120, -290, 480, -210, 850, 610, -100, 210, -240, 700, 200, -170, 70, -60, 30, -90, 970, -300, -290, 500, 60, 350, -100, -170, 470, 290, -300, -140, 170, 780, 260, 920, 30, 470, 220, 140, -80, 260, 1030, 60, 370, -210, 630, 220, 530, 120, 170, -300, -240, -170, -100, -220, -170, 1290, 710, -290, -150, 290, -180, 810, 160, -230, -90, -30, 660, 350, -240, -220, -120, -180, 10, 550, 270, 260, 350, -180, -290, 120, 190, 770, 370, 370, -260, 440, 480, 400, 770, -230, -240, -240, -190, -70, 720, -230, 430, 350, -210, -200, -170, 130, 1200, 200, 70, 200, 710, 370, -110, -230, -180, 150, 90, -210, -230, 580, 380, -10, 780, -90, -130, 250, 100, 410, 460, 260, 210, 110, 0, 510, 460, -180, 270, 1630, 320, -90, -230, 130, 510, -240, -240, 260, 690, 150, -210, 430, 280, 500, -240, -270, 240, -70, 60, 60, -230, -330, 190, -220, 60, -240, -30, -350, 540]
*********************************************************************
PPO is the most effective algorithm with 2835.735 avg steps.
PPO is the most efficient algorithm with 46.89 avg reward/step.
