*********************************************************************
Starting Simulation Types: A2C, PPO, Defender2000, Random, Static
Simulations per Type:      200
Steps per Simulation:      5000
---------------------------------------------------------------------
Graph Name:                simple_webservice
Attack Name:               professional
Only Nodes:                False
Only Detection Systems:    False
Nodes Pause:               1
Detection Systems Pause:   1
*********************************************************************
Simulation Type:          A2C
Learning Time:            8236.3 sec
---------------------------------------------------------------------
Avg steps:                5000.0
Avg reward/step:          52.55
Avg null action ratio:    [0.0, 0.0]
Avg invalid actions:      [0.0, 0.0]

Min steps:                5000
Max steps:                5000

Defender wins:            200
Attacker wins:            0

Steps each sim:           [5000, 5000, 5000, 5000, 5000, 5000, 5000, 5000, 5000, 5000, 5000, 5000, 5000, 5000, 5000, 5000, 5000, 5000, 5000, 5000, 5000, 5000, 5000, 5000, 5000, 5000, 5000, 5000, 5000, 5000, 5000, 5000, 5000, 5000, 5000, 5000, 5000, 5000, 5000, 5000, 5000, 5000, 5000, 5000, 5000, 5000, 5000, 5000, 5000, 5000, 5000, 5000, 5000, 5000, 5000, 5000, 5000, 5000, 5000, 5000, 5000, 5000, 5000, 5000, 5000, 5000, 5000, 5000, 5000, 5000, 5000, 5000, 5000, 5000, 5000, 5000, 5000, 5000, 5000, 5000, 5000, 5000, 5000, 5000, 5000, 5000, 5000, 5000, 5000, 5000, 5000, 5000, 5000, 5000, 5000, 5000, 5000, 5000, 5000, 5000, 5000, 5000, 5000, 5000, 5000, 5000, 5000, 5000, 5000, 5000, 5000, 5000, 5000, 5000, 5000, 5000, 5000, 5000, 5000, 5000, 5000, 5000, 5000, 5000, 5000, 5000, 5000, 5000, 5000, 5000, 5000, 5000, 5000, 5000, 5000, 5000, 5000, 5000, 5000, 5000, 5000, 5000, 5000, 5000, 5000, 5000, 5000, 5000, 5000, 5000, 5000, 5000, 5000, 5000, 5000, 5000, 5000, 5000, 5000, 5000, 5000, 5000, 5000, 5000, 5000, 5000, 5000, 5000, 5000, 5000, 5000, 5000, 5000, 5000, 5000, 5000, 5000, 5000, 5000, 5000, 5000, 5000, 5000, 5000, 5000, 5000, 5000, 5000, 5000, 5000, 5000, 5000, 5000, 5000, 5000, 5000, 5000, 5000, 5000, 5000]
Reward each sim:          [263150, 262550, 262950, 262600, 262200, 262150, 263300, 262550, 263150, 262550, 262850, 263350, 262550, 263000, 262600, 263000, 261750, 263150, 262500, 262950, 263050, 262650, 261550, 262300, 262900, 262400, 262850, 262800, 263050, 262600, 262750, 263000, 262000, 262500, 262550, 263250, 262600, 261800, 262550, 262650, 262750, 262650, 262400, 263000, 262700, 262900, 262600, 262500, 262700, 263350, 262800, 262750, 262500, 263100, 262400, 262900, 262700, 263100, 262950, 262900, 262700, 263000, 262500, 263250, 262000, 262700, 262600, 262900, 262950, 262450, 262500, 262650, 262750, 263000, 262900, 262900, 262600, 262700, 262100, 262500, 263100, 262500, 262950, 262900, 262600, 262050, 262350, 263000, 262800, 262850, 263400, 262800, 262750, 262550, 262150, 262650, 262600, 262750, 262350, 263150, 262350, 262950, 262950, 262750, 262400, 263250, 262500, 262950, 263100, 262650, 262350, 262600, 263400, 262900, 261750, 262750, 262000, 263050, 263050, 263150, 263100, 262950, 262450, 263000, 262800, 262850, 263050, 262900, 262700, 262550, 263050, 263150, 262750, 263000, 262850, 263450, 262950, 262250, 263000, 263050, 262250, 263050, 262350, 263100, 263250, 262850, 262850, 262500, 262600, 262400, 263050, 262700, 262700, 262300, 263300, 262650, 262600, 262950, 262900, 263150, 263000, 262900, 262900, 262800, 262950, 262650, 262550, 262700, 263000, 262700, 262850, 262500, 263000, 262550, 263000, 262900, 263250, 262450, 262350, 262850, 262800, 263000, 262750, 263150, 263250, 262800, 262850, 262100, 262550, 262850, 262850, 263050, 262950, 262850, 262800, 262800, 262750, 262700, 262500, 262850]
*********************************************************************
Simulation Type:          PPO
Learning Time:            14228.5 sec
---------------------------------------------------------------------
Avg steps:                4990.185
Avg reward/step:          57.557
Avg null action ratio:    [1.0, 0.0]
Avg invalid actions:      [0.0, 0.0]

Min steps:                3037
Max steps:                5000

Defender wins:            199
Attacker wins:            1

Steps each sim:           [5000, 5000, 5000, 5000, 5000, 5000, 5000, 5000, 5000, 5000, 3037, 5000, 5000, 5000, 5000, 5000, 5000, 5000, 5000, 5000, 5000, 5000, 5000, 5000, 5000, 5000, 5000, 5000, 5000, 5000, 5000, 5000, 5000, 5000, 5000, 5000, 5000, 5000, 5000, 5000, 5000, 5000, 5000, 5000, 5000, 5000, 5000, 5000, 5000, 5000, 5000, 5000, 5000, 5000, 5000, 5000, 5000, 5000, 5000, 5000, 5000, 5000, 5000, 5000, 5000, 5000, 5000, 5000, 5000, 5000, 5000, 5000, 5000, 5000, 5000, 5000, 5000, 5000, 5000, 5000, 5000, 5000, 5000, 5000, 5000, 5000, 5000, 5000, 5000, 5000, 5000, 5000, 5000, 5000, 5000, 5000, 5000, 5000, 5000, 5000, 5000, 5000, 5000, 5000, 5000, 5000, 5000, 5000, 5000, 5000, 5000, 5000, 5000, 5000, 5000, 5000, 5000, 5000, 5000, 5000, 5000, 5000, 5000, 5000, 5000, 5000, 5000, 5000, 5000, 5000, 5000, 5000, 5000, 5000, 5000, 5000, 5000, 5000, 5000, 5000, 5000, 5000, 5000, 5000, 5000, 5000, 5000, 5000, 5000, 5000, 5000, 5000, 5000, 5000, 5000, 5000, 5000, 5000, 5000, 5000, 5000, 5000, 5000, 5000, 5000, 5000, 5000, 5000, 5000, 5000, 5000, 5000, 5000, 5000, 5000, 5000, 5000, 5000, 5000, 5000, 5000, 5000, 5000, 5000, 5000, 5000, 5000, 5000, 5000, 5000, 5000, 5000, 5000, 5000, 5000, 5000, 5000, 5000, 5000, 5000]
Reward each sim:          [287800, 287750, 287650, 288350, 288150, 287450, 287250, 287250, 287650, 287100, 173846, 287900, 288000, 286700, 287500, 288000, 288050, 287950, 287750, 287700, 288450, 287150, 287300, 287950, 288000, 287700, 287750, 287650, 287950, 288450, 287200, 287900, 287900, 287800, 288400, 287850, 287750, 288150, 287550, 287800, 288250, 288350, 287850, 287650, 287050, 287800, 287300, 287850, 288250, 287600, 288000, 287750, 287350, 288050, 287900, 287600, 287350, 287800, 287800, 287700, 287150, 288000, 287600, 287750, 287600, 287950, 286950, 288050, 287800, 288000, 287850, 287500, 288300, 287400, 287900, 287550, 287850, 288100, 288250, 287250, 287100, 288050, 288300, 288200, 287600, 287850, 287350, 287650, 287550, 288500, 287800, 288150, 287950, 287600, 288000, 287500, 287750, 287550, 287650, 288250, 288150, 287400, 287800, 287550, 287850, 287750, 288200, 287500, 288050, 287950, 288200, 288000, 287650, 287550, 287400, 287650, 287850, 287750, 287550, 287900, 288000, 288000, 288100, 288000, 287950, 287550, 287500, 287900, 288250, 288050, 287200, 287700, 287700, 288050, 287350, 287750, 288100, 287950, 287850, 288000, 287750, 287700, 288200, 287800, 287650, 287150, 288250, 288050, 287650, 287700, 288100, 287900, 288300, 287900, 287650, 287750, 287900, 287550, 287850, 288000, 288350, 287400, 287950, 287700, 287650, 287300, 287750, 287150, 288250, 287600, 287750, 287300, 288000, 287600, 287700, 287950, 287900, 287850, 288000, 288300, 287800, 287350, 288100, 287700, 287800, 287600, 287850, 287550, 287450, 287500, 288000, 287950, 287900, 288200, 287850, 288100, 288100, 287750, 287750, 288100]
*********************************************************************
Simulation Type:          Defender2000
Learning Time:            0 sec
---------------------------------------------------------------------
Avg steps:                180.855
Avg reward/step:          34.444
Avg null action ratio:    [0.095, 0.274]
Avg invalid actions:      [0.0, 0.0]

Min steps:                8
Max steps:                892

Defender wins:            0
Attacker wins:            200

Steps each sim:           [120, 317, 150, 123, 199, 90, 25, 43, 685, 163, 51, 293, 347, 17, 170, 167, 12, 50, 166, 280, 222, 133, 280, 139, 393, 120, 147, 321, 42, 281, 162, 74, 383, 61, 635, 109, 282, 26, 152, 371, 70, 270, 143, 480, 883, 28, 42, 548, 21, 153, 151, 167, 136, 65, 226, 497, 77, 403, 8, 472, 479, 428, 25, 353, 69, 152, 425, 68, 226, 130, 110, 60, 522, 162, 144, 655, 164, 33, 249, 342, 493, 41, 306, 63, 182, 484, 51, 146, 74, 76, 105, 16, 54, 73, 161, 798, 18, 130, 10, 392, 278, 23, 29, 437, 149, 346, 80, 91, 100, 77, 117, 62, 118, 68, 132, 351, 338, 39, 226, 359, 49, 116, 95, 246, 15, 217, 59, 38, 91, 438, 49, 245, 132, 37, 111, 186, 48, 36, 164, 201, 355, 51, 647, 66, 28, 64, 528, 15, 52, 159, 15, 69, 114, 13, 72, 202, 44, 36, 37, 54, 49, 158, 307, 48, 219, 23, 306, 76, 892, 49, 74, 11, 210, 142, 48, 105, 36, 65, 66, 104, 10, 46, 73, 216, 255, 39, 403, 66, 81, 85, 37, 52, 570, 34, 72, 404, 73, 591, 41, 311]
Reward each sim:          [3791, 11144, 5166, 4600, 7233, 2877, 445, 1172, 26234, 5139, 1708, 10347, 12993, 216, 5755, 6060, 9, 972, 5776, 7653, 8311, 4366, 10044, 5091, 14328, 3765, 4939, 10398, 1331, 9482, 5964, 2383, 14040, 1434, 22355, 3567, 9885, 419, 5460, 14133, 1921, 9913, 4677, 16475, 32005, 662, 1262, 19488, 464, 4265, 4709, 6031, 4472, 1853, 8395, 18051, 2355, 14697, -172, 16434, 16801, 15567, 192, 12690, 2223, 5271, 16058, 2275, 7696, 4267, 3110, 1582, 19067, 5683, 4413, 23829, 5768, 519, 8560, 12967, 17628, 789, 11021, 2288, 6668, 17313, 1465, 5373, 2495, 2153, 3129, -74, 1725, 2281, 5805, 28992, 228, 4598, -108, 14442, 10785, 440, 623, 14867, 4477, 11258, 2951, 2961, 3245, 2701, 3931, 2287, 4072, 1819, 3816, 12163, 12771, 745, 7735, 13172, 1245, 3845, 3240, 8917, 113, 8267, 1728, 1003, 2413, 15416, 1579, 9043, 4625, 567, 4005, 6156, 1454, 837, 6153, 6294, 12660, 1412, 23763, 2050, 617, 1943, 19873, 166, 1435, 5227, -238, 1731, 4095, 2, 2078, 7374, 1020, 933, 1046, 1564, 1240, 6104, 11056, 1356, 7440, 145, 10047, 2663, 31430, 1526, 2396, -96, 7473, 5024, 1544, 3772, 819, 1799, 2182, 2937, -109, 1076, 2638, 7575, 9773, 1057, 13224, 1906, 2872, 2850, 983, 1671, 20206, 539, 1580, 14008, 2523, 20531, 1114, 10839]
*********************************************************************
Simulation Type:          Random
Learning Time:            0 sec
---------------------------------------------------------------------
Avg steps:                117.88
Avg reward/step:          28.954
Avg null action ratio:    [0.125, 0.331]
Avg invalid actions:      [0.0, 0.0]

Min steps:                6
Max steps:                650

Defender wins:            0
Attacker wins:            200

Steps each sim:           [80, 246, 88, 149, 8, 181, 29, 200, 175, 86, 41, 55, 147, 219, 65, 119, 92, 650, 165, 13, 27, 123, 14, 21, 57, 71, 21, 217, 288, 227, 139, 134, 19, 171, 178, 49, 57, 70, 33, 46, 140, 193, 230, 307, 97, 62, 195, 11, 64, 266, 308, 32, 131, 346, 48, 7, 25, 13, 46, 31, 96, 27, 147, 6, 111, 44, 29, 441, 415, 244, 42, 70, 234, 103, 75, 106, 68, 24, 44, 70, 139, 139, 167, 57, 205, 169, 95, 152, 73, 147, 36, 44, 64, 23, 41, 11, 223, 203, 40, 262, 93, 231, 168, 31, 195, 91, 39, 319, 98, 10, 106, 78, 112, 77, 102, 250, 27, 64, 48, 317, 172, 6, 131, 15, 49, 21, 42, 70, 241, 13, 51, 27, 172, 326, 109, 6, 57, 48, 45, 185, 104, 42, 32, 415, 533, 28, 140, 113, 85, 109, 88, 303, 193, 51, 69, 8, 239, 94, 14, 144, 68, 37, 60, 283, 36, 8, 111, 39, 53, 45, 17, 165, 152, 153, 229, 217, 160, 315, 36, 102, 41, 37, 397, 50, 13, 278, 89, 83, 69, 30, 6, 181, 6, 63, 418, 69, 18, 160, 86, 142]
Reward each sim:          [2229, 7059, 2016, 4248, -213, 5923, 574, 5867, 5442, 2560, 778, 1866, 4245, 6488, 1732, 3315, 2250, 21775, 5146, -49, 423, 2989, 66, 281, 1258, 1914, -357, 6950, 8670, 7063, 4074, 4144, 73, 5582, 5304, 1209, 1646, 1748, 476, 1148, 3876, 6526, 7201, 8604, 2912, 1513, 6225, 1, 1913, 7365, 10194, 133, 4103, 9802, 1292, -220, 407, 67, 865, 310, 2686, 65, 4496, -273, 3752, 1082, 275, 13434, 12069, 8344, 1066, 2077, 7255, 2351, 2415, 2645, 1697, 60, 1277, 2056, 4384, 3035, 5374, 906, 6903, 5556, 2612, 3639, 2151, 4378, 857, 1279, 1311, 301, 895, -267, 5755, 5230, 358, 7759, 2570, 7044, 5820, 588, 5939, 2703, 1088, 10662, 2783, -52, 2974, 2593, 2971, 2117, 2984, 6586, 612, 2160, 1165, 10972, 5799, -278, 3592, 60, 1117, 347, 573, 1429, 8177, 51, 1336, 215, 5183, 10761, 2779, -271, 1675, 1234, 987, 5345, 2991, 1186, 632, 12341, 17619, 417, 4135, 3424, 1663, 2985, 2455, 10149, 5809, 1507, 1894, -206, 7094, 2888, -252, 4226, 1738, 511, 1684, 9229, 513, -212, 2947, 848, 1290, 677, -121, 5253, 4598, 4951, 6470, 5632, 5187, 10161, 996, 3085, 865, 570, 12316, 1431, 105, 9077, 3108, 2603, 1517, 275, -271, 6048, -269, 1814, 13892, 1627, 266, 5086, 3025, 4503]
*********************************************************************
Simulation Type:          Static
Learning Time:            0 sec
---------------------------------------------------------------------
Avg steps:                22.11
Avg reward/step:          7.162
Avg null action ratio:    [1.0, 1.0]
Avg invalid actions:      [0.0, 0.0]

Min steps:                5
Max steps:                82

Defender wins:            0
Attacker wins:            200

Steps each sim:           [35, 22, 34, 26, 15, 27, 15, 27, 23, 12, 15, 6, 9, 42, 8, 9, 19, 14, 13, 43, 13, 17, 27, 31, 21, 13, 11, 33, 10, 15, 25, 21, 26, 16, 7, 5, 24, 16, 7, 36, 14, 18, 16, 12, 13, 15, 28, 43, 20, 21, 46, 28, 82, 6, 14, 18, 24, 14, 30, 24, 43, 35, 8, 22, 16, 31, 14, 15, 49, 51, 25, 12, 18, 11, 31, 27, 14, 21, 32, 25, 27, 33, 20, 57, 44, 21, 7, 39, 19, 47, 10, 31, 18, 24, 20, 48, 15, 5, 21, 6, 7, 14, 9, 7, 12, 8, 8, 13, 13, 6, 34, 22, 6, 8, 17, 25, 26, 22, 42, 33, 40, 43, 22, 12, 9, 9, 16, 25, 49, 40, 43, 38, 11, 19, 18, 42, 24, 21, 18, 21, 25, 32, 19, 35, 14, 20, 29, 7, 17, 7, 9, 9, 37, 24, 25, 7, 18, 15, 22, 34, 11, 48, 6, 39, 37, 21, 30, 21, 28, 14, 9, 20, 16, 16, 51, 18, 18, 26, 17, 18, 27, 19, 23, 8, 39, 12, 16, 11, 27, 13, 24, 24, 6, 19, 39, 14, 15, 32, 33, 14]
Reward each sim:          [600, 20, 740, 160, -300, 470, -200, 20, -170, -230, -200, -240, -160, 670, -170, -210, 90, -260, 80, 630, -170, 120, 670, 210, 110, 30, -140, 730, -300, 150, 250, -90, 110, -290, -180, -300, 240, 10, -180, 410, -60, 180, 60, -230, -270, -200, 480, 730, -100, 310, 760, 380, 1820, -240, -210, 80, 440, -260, 200, 40, 1130, 650, -170, 320, 60, 10, -160, -200, 990, 610, 500, 20, 330, -40, 510, 120, -260, 110, 720, 200, 270, 630, 100, 970, 790, 410, -230, 690, -260, 820, -150, 110, -170, 390, 0, 1180, -300, -300, 110, -240, -230, 90, -110, -230, -330, -170, -270, -120, 30, -290, 140, 220, -240, -170, -30, 150, 160, 170, 720, 530, 800, 780, 470, -230, -160, -160, 60, 300, 690, 500, 680, 430, -240, 240, 30, 670, 90, 60, 130, 410, 250, 570, -160, 550, -160, 200, 90, -180, 170, -180, -160, -210, 370, 440, 300, -180, 280, 200, -30, 490, -290, 730, -240, 590, 770, 10, 450, -290, 730, -310, -110, 400, -240, -90, 1010, -120, 130, 210, 120, 30, 370, -60, 230, -170, 1040, -330, -140, -140, 470, -20, -260, 390, -240, 240, 440, -60, -150, 720, 880, -160]
*********************************************************************
A2C is the most effective algorithm with 5000.0 avg steps.
PPO is the most efficient algorithm with 57.557 avg reward/step.
