*********************************************************************
Starting Simulation Types: A2C, PPO, Defender2000, Random, Static
Simulations per Type:      200
Steps per Simulation:      5000
---------------------------------------------------------------------
Graph Name:                simple_webservice
Attack Name:               professional
Only Nodes:                False
Only Prevention Systems:   False
Nodes Pause:               6
Prevention Systems Pause:  3
*********************************************************************
Simulation Type:          A2C
Learning Time:            7.7 sec
---------------------------------------------------------------------
Avg steps:                250.99
Avg reward/step:          32.194
Avg null action ratio:    [0.559, 0.618]
Avg invalid actions:      [0.226, 0.364]

Min steps:                7
Max steps:                1398

Defender wins:            0
Attacker wins:            200

Steps each sim:           [108, 183, 115, 239, 516, 443, 371, 78, 182, 118, 428, 1158, 358, 92, 109, 281, 224, 115, 1283, 135, 1398, 298, 415, 106, 7, 30, 20, 95, 495, 265, 160, 108, 125, 34, 14, 298, 292, 124, 183, 1041, 249, 23, 591, 31, 97, 233, 424, 8, 198, 269, 36, 777, 71, 189, 599, 185, 611, 30, 643, 226, 117, 318, 24, 441, 115, 338, 124, 336, 83, 78, 117, 516, 245, 35, 18, 125, 432, 214, 699, 677, 137, 464, 49, 10, 127, 722, 90, 427, 55, 416, 80, 215, 143, 86, 275, 278, 180, 316, 230, 29, 23, 159, 19, 202, 840, 51, 87, 102, 731, 25, 42, 422, 132, 254, 194, 22, 70, 18, 27, 98, 80, 69, 182, 98, 93, 613, 29, 97, 829, 24, 536, 125, 569, 358, 83, 70, 32, 64, 208, 252, 599, 31, 251, 117, 191, 76, 134, 245, 506, 451, 20, 124, 252, 367, 425, 91, 350, 100, 88, 475, 157, 571, 882, 360, 90, 417, 396, 205, 323, 229, 86, 113, 55, 67, 223, 107, 39, 175, 261, 12, 9, 320, 45, 399, 394, 402, 24, 293, 84, 333, 531, 955, 122, 8, 165, 619, 93, 620, 102, 175]
Reward each sim:          [3102, 6194, 3267, 7695, 17078, 14814, 12071, 2058, 6140, 3531, 14075, 38027, 11132, 2721, 3079, 9153, 7285, 3768, 44045, 4160, 47957, 8694, 13648, 3319, -251, 475, 289, 3036, 16133, 9336, 4611, 2992, 3901, 786, 150, 9653, 9624, 3866, 6007, 35270, 9024, 275, 19987, 721, 2032, 7714, 14778, -199, 6170, 8159, 930, 24649, 2247, 4826, 19781, 5731, 21752, 821, 20019, 7160, 3720, 11182, 458, 13557, 3167, 11403, 3842, 11448, 2380, 1887, 3828, 16698, 7727, 1077, 138, 3508, 14153, 6935, 22705, 21096, 4050, 15477, 1407, -188, 3821, 23938, 2374, 14756, 1347, 13511, 2062, 5812, 4611, 3139, 8603, 8857, 5821, 10464, 7222, 705, 110, 4448, 282, 6424, 27568, 1309, 2855, 2756, 24905, 372, 1099, 13838, 3976, 8313, 5889, 356, 2342, 161, 347, 2700, 2289, 1976, 5899, 2865, 2832, 20432, 458, 3068, 27300, 616, 18370, 3308, 19289, 12280, 2516, 1963, 768, 1486, 7115, 8062, 19637, 716, 7210, 3735, 6181, 2261, 4399, 7906, 16731, 15212, 286, 4030, 8484, 10684, 13416, 2469, 12213, 2774, 2557, 15137, 4459, 18784, 28114, 12437, 2880, 13786, 13276, 6408, 10526, 7643, 3031, 3686, 1420, 1823, 7390, 3530, 1185, 5411, 8201, -61, -186, 10550, 1154, 13143, 12333, 13031, 397, 10224, 2196, 10888, 17366, 31635, 3640, -296, 5817, 21110, 3043, 21156, 3025, 4787]
*********************************************************************
Simulation Type:          PPO
Learning Time:            16.7 sec
---------------------------------------------------------------------
Avg steps:                507.025
Avg reward/step:          34.081
Avg null action ratio:    [0.771, 0.627]
Avg invalid actions:      [0.042, 0.424]

Min steps:                5
Max steps:                3124

Defender wins:            0
Attacker wins:            200

Steps each sim:           [47, 551, 309, 3124, 181, 1100, 369, 413, 989, 91, 1048, 813, 1046, 194, 2078, 1046, 615, 377, 209, 79, 496, 761, 70, 77, 670, 526, 114, 1378, 333, 1015, 128, 397, 95, 44, 1110, 610, 506, 132, 218, 17, 1060, 138, 140, 269, 826, 25, 631, 179, 169, 485, 490, 697, 218, 161, 647, 398, 490, 209, 600, 26, 246, 305, 38, 354, 1493, 472, 2701, 1673, 81, 562, 349, 283, 148, 177, 947, 313, 675, 241, 284, 373, 510, 885, 582, 54, 1563, 1506, 320, 691, 1750, 268, 173, 111, 106, 109, 1453, 294, 315, 116, 12, 670, 797, 337, 158, 564, 258, 2100, 926, 19, 201, 822, 401, 162, 252, 349, 1114, 165, 64, 51, 415, 580, 354, 1614, 525, 164, 278, 388, 5, 193, 496, 320, 1494, 319, 64, 255, 461, 471, 35, 1167, 72, 2951, 122, 81, 829, 66, 43, 2325, 115, 67, 804, 331, 89, 291, 1348, 918, 35, 484, 143, 50, 438, 252, 527, 388, 175, 81, 738, 555, 106, 439, 206, 1562, 719, 36, 351, 915, 51, 97, 363, 66, 1812, 381, 61, 158, 401, 83, 1029, 15, 164, 201, 150, 72, 548, 509, 638, 855, 966, 614, 255, 94, 179, 216]
Reward each sim:          [1304, 18625, 10316, 107820, 5847, 36888, 11880, 14111, 32706, 2551, 35397, 27450, 36070, 5838, 70838, 34731, 21978, 13620, 7044, 2180, 16302, 26741, 2107, 2036, 23282, 18193, 3375, 47487, 10191, 35675, 3539, 14527, 2625, 1205, 37349, 20490, 16940, 4894, 7812, 79, 35604, 4611, 4730, 9898, 28467, 457, 22111, 5840, 5456, 16065, 16333, 23475, 8049, 5807, 20870, 14260, 16157, 7162, 20976, 610, 8678, 9579, 1019, 12048, 54418, 15409, 90685, 60218, 2324, 20330, 12076, 9174, 4848, 5126, 33459, 10631, 24310, 7780, 8877, 12266, 16963, 30666, 19749, 1520, 54397, 51896, 11176, 24092, 61575, 9827, 5735, 3760, 3171, 3678, 50311, 10344, 10223, 3897, 7, 22483, 27299, 11719, 5431, 18780, 8526, 74285, 31435, 269, 6643, 28534, 14138, 4500, 7403, 11587, 36683, 5346, 1571, 978, 14940, 18852, 10869, 58770, 18291, 5244, 9552, 13024, -304, 6263, 17372, 10917, 53105, 10794, 2013, 8752, 16220, 15277, 787, 40754, 2085, 101950, 4060, 2201, 27619, 1977, 950, 79208, 4006, 1785, 26560, 10937, 2747, 9942, 47063, 31119, 797, 16954, 4608, 1172, 15752, 8647, 17869, 13281, 4981, 2448, 25127, 18901, 3060, 14796, 6347, 55018, 24430, 842, 11756, 31197, 1576, 3151, 11921, 1911, 62404, 13811, 1510, 5047, 13497, 2971, 35259, 135, 5414, 6818, 4913, 1931, 18751, 16719, 23113, 29713, 33439, 21017, 8208, 3054, 5821, 7409]
*********************************************************************
Simulation Type:          Defender2000
Learning Time:            0 sec
---------------------------------------------------------------------
Avg steps:                207.685
Avg reward/step:          31.347
Avg null action ratio:    [0.21, 0.493]
Avg invalid actions:      [0.0, 0.0]

Min steps:                5
Max steps:                1398

Defender wins:            0
Attacker wins:            200

Steps each sim:           [42, 121, 283, 423, 194, 57, 407, 390, 887, 286, 342, 409, 131, 159, 80, 195, 157, 292, 37, 139, 46, 211, 179, 65, 162, 72, 34, 98, 75, 239, 341, 47, 638, 7, 43, 7, 873, 503, 412, 361, 284, 465, 785, 753, 297, 753, 46, 86, 44, 141, 39, 83, 84, 152, 78, 187, 223, 88, 6, 343, 217, 190, 258, 59, 348, 71, 97, 342, 110, 375, 86, 176, 243, 305, 6, 468, 443, 197, 186, 32, 348, 11, 31, 42, 217, 82, 20, 7, 145, 138, 86, 373, 393, 111, 174, 643, 207, 24, 135, 294, 926, 83, 97, 222, 24, 130, 170, 16, 28, 494, 7, 119, 82, 98, 6, 555, 38, 522, 390, 61, 162, 306, 198, 189, 878, 35, 64, 99, 76, 79, 128, 489, 243, 78, 155, 45, 100, 33, 237, 37, 18, 31, 172, 283, 234, 199, 160, 59, 423, 122, 22, 396, 408, 40, 169, 192, 620, 623, 655, 258, 37, 23, 37, 150, 360, 72, 395, 429, 54, 144, 17, 100, 115, 168, 190, 194, 113, 35, 130, 19, 146, 61, 55, 170, 205, 5, 87, 1398, 282, 141, 143, 103, 127, 58, 35, 166, 283, 53, 356, 27]
Reward each sim:          [952, 3852, 9579, 13332, 5981, 1758, 13176, 11483, 28583, 9287, 10706, 13472, 4429, 5106, 2160, 6190, 4640, 9828, 820, 3596, 1225, 6706, 5557, 2238, 4665, 1868, 829, 2632, 2292, 6802, 10720, 1228, 21897, -209, 1019, -273, 29487, 15696, 13038, 12559, 8791, 15551, 26241, 24288, 9515, 24322, 1180, 2582, 1161, 4517, 1057, 2341, 2575, 4563, 2397, 6128, 6782, 2692, -264, 11763, 6759, 5255, 8216, 1614, 10818, 1790, 3034, 11215, 3293, 11748, 2390, 5557, 7103, 9859, -266, 15439, 14369, 5501, 6092, 618, 10143, -152, 652, 1051, 6366, 2079, 309, -223, 4191, 4319, 2341, 12037, 11848, 3656, 5794, 22436, 6793, 271, 3632, 9447, 29808, 2504, 3030, 7277, 412, 3806, 5302, 41, 596, 16085, -207, 3244, 2255, 3055, -266, 18242, 1158, 16780, 13691, 1651, 5382, 10407, 6332, 5370, 29536, 892, 1728, 3016, 2301, 2111, 3648, 15245, 7299, 2207, 4639, 864, 3059, 732, 7005, 788, 189, 618, 5046, 8710, 7096, 6301, 5053, 1288, 13295, 3792, 362, 12857, 13890, 817, 4889, 6082, 19615, 20357, 21923, 8696, 737, 274, 677, 4818, 11225, 2049, 13343, 13937, 1047, 4675, 224, 2882, 3465, 5218, 5719, 5847, 4032, 722, 3938, 307, 4137, 1464, 1472, 5085, 6654, -324, 2761, 46277, 9006, 3710, 4411, 2865, 4338, 1914, 884, 4312, 8031, 1684, 11292, 585]
*********************************************************************
Simulation Type:          Random
Learning Time:            0 sec
---------------------------------------------------------------------
Avg steps:                133.675
Avg reward/step:          26.989
Avg null action ratio:    [0.245, 0.535]
Avg invalid actions:      [0.0, 0.0]

Min steps:                5
Max steps:                851

Defender wins:            0
Attacker wins:            200

Steps each sim:           [462, 111, 169, 144, 168, 123, 95, 161, 241, 190, 238, 152, 159, 64, 7, 6, 42, 67, 487, 101, 16, 15, 291, 28, 151, 147, 14, 208, 121, 86, 115, 176, 18, 27, 91, 183, 133, 27, 128, 253, 198, 40, 7, 93, 83, 200, 228, 406, 83, 64, 203, 71, 229, 37, 295, 117, 15, 20, 66, 7, 128, 279, 58, 6, 39, 217, 27, 155, 305, 253, 42, 81, 158, 75, 49, 493, 87, 391, 526, 130, 40, 83, 234, 44, 173, 182, 37, 251, 44, 77, 30, 38, 20, 69, 178, 124, 16, 131, 14, 114, 82, 164, 224, 15, 108, 172, 111, 41, 169, 9, 137, 39, 59, 104, 198, 75, 305, 130, 191, 170, 57, 188, 89, 141, 53, 136, 35, 31, 24, 147, 69, 97, 283, 158, 376, 56, 76, 19, 65, 75, 64, 53, 75, 43, 570, 11, 14, 5, 121, 35, 205, 113, 243, 152, 56, 851, 280, 21, 32, 63, 169, 139, 312, 44, 232, 31, 31, 72, 334, 468, 131, 53, 92, 75, 160, 73, 140, 193, 274, 25, 96, 139, 115, 241, 124, 322, 210, 300, 114, 70, 127, 91, 119, 361, 30, 12, 47, 106, 90, 13]
Reward each sim:          [13204, 2692, 3532, 4123, 4600, 2216, 3096, 4411, 7010, 5326, 6588, 4387, 4127, 1699, -267, -271, 978, 1424, 14179, 2051, -119, -217, 9374, 192, 4329, 4019, -5, 5401, 3258, 1449, 3687, 5699, 92, 497, 2682, 4753, 4082, -103, 3624, 7407, 4978, 806, -218, 2516, 2155, 4863, 5803, 12380, 2434, 1346, 5081, 1288, 5776, 1039, 8684, 3125, 136, 304, 1959, -268, 3441, 8197, 1112, -269, 852, 6932, 379, 4593, 9011, 7000, 767, 2005, 4590, 2028, 1164, 15633, 2149, 10859, 15704, 3389, 1003, 2142, 7168, 986, 4769, 5172, 157, 6861, 929, 1965, 446, 444, 209, 1702, 5143, 3668, 177, 3248, -23, 2975, 2134, 4561, 6486, -19, 2794, 4617, 2454, 1170, 4784, -160, 4178, 701, 1396, 2481, 5262, 2048, 8722, 3795, 5553, 4748, 1302, 5190, 2415, 4225, 1333, 3726, 579, 657, 430, 3335, 1642, 2882, 8314, 4815, 10162, 889, 1991, 252, 1101, 2338, 1209, 1107, 1791, 1172, 17955, -245, -37, -331, 3245, 501, 5618, 2741, 5925, 4386, 954, 25013, 8273, 229, 578, 1378, 4286, 3605, 10118, 990, 5747, 558, 502, 1726, 9180, 14005, 3844, 1327, 2446, 1954, 3877, 1668, 3498, 5985, 7489, 428, 2906, 3309, 3022, 6692, 3260, 9096, 5899, 8514, 2851, 1648, 3906, 2473, 3299, 10877, 161, -283, 1148, 3003, 1757, -32]
*********************************************************************
Simulation Type:          Static
Learning Time:            0 sec
---------------------------------------------------------------------
Avg steps:                22.825
Avg reward/step:          7.897
Avg null action ratio:    [1.0, 1.0]
Avg invalid actions:      [0.0, 0.0]

Min steps:                6
Max steps:                61

Defender wins:            0
Attacker wins:            200

Steps each sim:           [31, 17, 6, 8, 32, 17, 20, 29, 34, 31, 7, 26, 27, 9, 9, 38, 21, 9, 26, 30, 20, 19, 29, 41, 30, 14, 17, 12, 22, 34, 16, 19, 22, 8, 24, 6, 47, 37, 36, 30, 10, 33, 15, 7, 25, 8, 28, 27, 25, 23, 26, 23, 43, 38, 8, 28, 7, 24, 10, 27, 16, 17, 36, 14, 42, 35, 26, 27, 13, 17, 6, 6, 12, 14, 27, 9, 10, 18, 16, 10, 26, 30, 9, 14, 20, 36, 33, 38, 13, 7, 7, 48, 17, 22, 30, 42, 24, 14, 7, 26, 20, 28, 50, 11, 36, 19, 19, 25, 7, 21, 17, 23, 8, 53, 22, 11, 14, 8, 58, 24, 6, 31, 27, 46, 17, 24, 14, 61, 26, 21, 51, 49, 19, 9, 49, 22, 44, 30, 49, 30, 12, 7, 58, 37, 46, 9, 34, 20, 6, 21, 6, 10, 38, 11, 6, 13, 31, 13, 12, 17, 20, 37, 35, 33, 21, 18, 27, 42, 8, 27, 23, 10, 11, 7, 8, 26, 26, 27, 28, 6, 24, 16, 13, 49, 41, 27, 31, 28, 6, 7, 29, 15, 15, 32, 30, 11, 16, 26, 10, 14]
Reward each sim:          [660, -80, -240, -120, 170, -230, 100, 490, 240, 510, -230, 110, 420, -210, -210, 80, 460, -210, 60, 200, 250, 290, 240, 560, -50, -210, -330, -230, 320, 440, 10, 240, 220, -170, 40, -240, 820, 820, 760, 500, -150, 580, -100, -180, 200, -170, 480, 570, 400, 130, 60, 280, 230, 830, -170, 130, -230, 140, -200, 320, 210, 120, 560, 140, 970, 400, 560, 170, -220, 20, -240, -240, -30, 40, 120, -260, -100, -170, -40, -300, 110, 250, -210, -310, 200, 960, 330, 780, 30, -180, -230, 880, 220, 70, 300, 570, -210, -260, -180, 260, 150, 430, 950, -290, 660, -260, -10, 550, -180, 460, 20, 480, -170, 980, 420, -40, -110, -220, 1230, 40, -240, -40, 220, 860, -280, 390, -60, 1210, 60, 510, 660, 990, -10, -160, 940, 220, 640, 650, 1090, -150, -80, -230, 1130, 620, 1060, -310, 240, 50, -240, 410, -240, -150, 830, -290, -240, -220, 310, -220, -30, -80, 200, 720, 700, 730, 460, -270, 270, 770, -170, 320, 280, -150, -40, -180, -170, 60, 260, 120, 380, -290, 90, -240, -20, 890, 710, 520, 410, 30, -240, -230, 290, 0, 50, 520, 300, -290, -90, 160, -300, 90]
*********************************************************************
PPO is the most effective algorithm with 507.025 avg steps.
PPO is the most efficient algorithm with 34.081 avg reward/step.
