*********************************************************************
Starting Simulation Types: A2C, PPO, Defender2000, Random, Static
Simulations per Type:      200
Steps per Simulation:      5000
---------------------------------------------------------------------
Graph Name:                simple_webservice
Attack Name:               professional
Only Nodes:                False
Only Prevention Systems:   False
Nodes Pause:               6
Prevention Systems Pause:  3
*********************************************************************
Simulation Type:          A2C
Learning Time:            78.4 sec
---------------------------------------------------------------------
Avg steps:                1797.69
Avg reward/step:          35.052
Avg null action ratio:    [0.919, 0.664]
Avg invalid actions:      [0.003, 0.373]

Min steps:                22
Max steps:                5000

Defender wins:            12
Attacker wins:            188

Steps each sim:           [1855, 5000, 455, 2217, 1518, 2252, 1754, 432, 708, 738, 354, 2316, 3076, 3189, 2843, 3321, 484, 1937, 1900, 179, 1713, 2735, 5000, 3125, 3258, 921, 5000, 647, 2155, 129, 205, 5000, 331, 161, 497, 3259, 1313, 1133, 1861, 2433, 3601, 842, 828, 22, 1980, 1835, 1194, 4330, 3879, 972, 226, 341, 2470, 1660, 984, 156, 1151, 552, 1167, 2713, 603, 4751, 200, 302, 5000, 3700, 2161, 5000, 1251, 3068, 1932, 2193, 2037, 444, 815, 930, 291, 478, 1492, 631, 1522, 575, 605, 475, 5000, 1437, 4778, 1009, 118, 25, 833, 29, 436, 4611, 5000, 1180, 823, 1201, 2261, 1300, 3683, 5000, 3967, 1157, 671, 2445, 687, 1331, 2066, 4096, 747, 1964, 3023, 2272, 2480, 1054, 1994, 941, 924, 3359, 1356, 1327, 1215, 1634, 685, 2492, 174, 456, 369, 1886, 1302, 2240, 2030, 574, 288, 522, 1836, 163, 3843, 770, 371, 1870, 37, 4263, 563, 4635, 3045, 683, 863, 2922, 2312, 2537, 509, 2595, 319, 2305, 977, 313, 2145, 3164, 4440, 1839, 1310, 1516, 5000, 4801, 612, 2296, 843, 553, 2989, 793, 258, 862, 1280, 3458, 5000, 949, 801, 1324, 4825, 3536, 1789, 325, 951, 891, 2069, 5000, 3569, 1594, 688, 2281, 51, 948, 262, 2707, 690, 264, 418, 1501]
Reward each sim:          [62481, 174478, 15505, 75203, 53454, 79259, 60527, 14481, 24311, 25081, 12612, 81877, 109219, 111445, 100183, 117592, 17025, 67030, 66941, 6115, 60198, 95314, 177087, 113286, 114339, 32982, 177081, 22819, 74283, 4238, 7280, 176702, 11268, 5262, 16833, 115367, 44232, 37786, 64888, 87000, 127095, 28097, 29403, 251, 69167, 65623, 41252, 152586, 137530, 34828, 7832, 11923, 86305, 58363, 33451, 5093, 40644, 18953, 42015, 95516, 20743, 167873, 6520, 10552, 177164, 130990, 74861, 172137, 42903, 109010, 68180, 79698, 71092, 13988, 28351, 33160, 9735, 16639, 51221, 21763, 52751, 19328, 20714, 16805, 174000, 50408, 168428, 35749, 3455, 477, 29284, 660, 13864, 162639, 174669, 43108, 28480, 41818, 81576, 46435, 131605, 176642, 140621, 39745, 23917, 87413, 23542, 45043, 71489, 143973, 25304, 67142, 105250, 80456, 84615, 35835, 69019, 33170, 31149, 116144, 48723, 45739, 41441, 56629, 24413, 86132, 5826, 16545, 13516, 64947, 44792, 77983, 73739, 20024, 10122, 17576, 64712, 5312, 133703, 26662, 12931, 66466, 891, 148889, 20204, 163907, 109785, 23747, 29416, 101076, 81323, 89652, 17136, 90821, 10648, 80627, 33519, 9663, 74503, 112901, 158630, 63431, 45630, 53448, 175767, 171620, 21924, 80683, 29489, 19332, 106191, 27709, 8674, 31169, 45969, 122377, 174786, 32297, 26372, 45594, 168767, 123752, 64112, 10065, 32182, 30904, 75415, 179945, 123955, 54411, 23971, 79282, 1261, 32830, 8490, 96461, 23113, 8800, 14302, 50322]
*********************************************************************
Simulation Type:          PPO
Learning Time:            149.5 sec
---------------------------------------------------------------------
Avg steps:                1620.84
Avg reward/step:          35.189
Avg null action ratio:    [0.927, 0.688]
Avg invalid actions:      [0.005, 0.362]

Min steps:                5
Max steps:                5000

Defender wins:            15
Attacker wins:            185

Steps each sim:           [817, 1621, 5000, 5000, 5000, 1893, 1789, 1663, 126, 2515, 286, 294, 416, 367, 2167, 1664, 81, 1411, 2054, 5000, 471, 145, 3325, 48, 170, 1447, 1893, 866, 455, 820, 5000, 2668, 427, 617, 715, 1932, 4539, 232, 144, 1880, 710, 1072, 1217, 3058, 4688, 116, 343, 1667, 1394, 341, 5000, 206, 1098, 483, 14, 1842, 2825, 2079, 861, 3857, 5000, 189, 331, 740, 392, 2203, 1923, 2025, 399, 502, 625, 5000, 3024, 1306, 2228, 5000, 2797, 1733, 592, 2892, 2619, 1376, 1148, 210, 3061, 485, 290, 397, 619, 1394, 538, 908, 1790, 4660, 1550, 100, 322, 222, 966, 517, 2688, 1320, 1724, 45, 5000, 267, 189, 5000, 3874, 5000, 1981, 4980, 1215, 3708, 639, 1934, 352, 331, 504, 332, 50, 5000, 2401, 959, 110, 1533, 5000, 436, 664, 2551, 17, 317, 525, 1801, 2865, 2336, 665, 120, 3257, 568, 726, 402, 3483, 4284, 416, 3294, 5, 2134, 1903, 3577, 1384, 103, 2383, 2163, 454, 1376, 986, 1393, 1533, 1830, 562, 3105, 2030, 1635, 1003, 472, 1109, 1269, 2259, 2850, 957, 1150, 134, 659, 2111, 3545, 734, 341, 120, 1057, 2492, 961, 77, 2880, 1614, 652, 3881, 1844, 1044, 177, 1200, 10, 5000, 493, 1059, 1143, 3251, 516, 550, 233]
Reward each sim:          [26998, 57166, 178176, 175723, 177162, 65843, 62982, 59301, 4087, 86427, 10442, 10230, 14500, 12464, 77392, 59291, 2680, 49542, 71041, 177194, 15800, 4987, 117863, 1290, 5968, 50333, 67190, 29562, 15840, 28778, 176368, 95743, 13920, 20314, 25100, 67056, 160887, 8242, 4344, 67822, 24089, 37745, 43580, 105444, 164629, 3695, 10837, 59437, 48649, 11818, 178267, 6794, 38321, 17413, 78, 65097, 99579, 73985, 30296, 134983, 176422, 5845, 11692, 24712, 13531, 74510, 68135, 71453, 13461, 17329, 22318, 177731, 107107, 47346, 78646, 177506, 96037, 61675, 21044, 101377, 92663, 47488, 40024, 6737, 108567, 15941, 9983, 13828, 22047, 49749, 19108, 31817, 63024, 164863, 54921, 3591, 11338, 7273, 33696, 17877, 93353, 47286, 61025, 1107, 176342, 8597, 6352, 173507, 136932, 176939, 69449, 176596, 43298, 129001, 22915, 69129, 12430, 11347, 17684, 11297, 1265, 178420, 83279, 34305, 3344, 53498, 177974, 15214, 22753, 90920, 51, 10681, 18218, 62162, 102847, 83818, 23345, 3863, 114034, 19406, 24124, 14224, 124757, 151757, 14271, 114837, -304, 76597, 67671, 123294, 48667, 2978, 86609, 77268, 15736, 48127, 36133, 49388, 55668, 62717, 19554, 110412, 70583, 58616, 35215, 15928, 39096, 44374, 78524, 99900, 33148, 41106, 4294, 23441, 74206, 124992, 26088, 11814, 3951, 36735, 88088, 34048, 2594, 99870, 55821, 21644, 138410, 66491, 36266, 6067, 41799, -156, 178616, 16131, 36813, 39922, 115080, 18850, 19417, 7833]
*********************************************************************
Simulation Type:          Defender2000
Learning Time:            0 sec
---------------------------------------------------------------------
Avg steps:                208.1
Avg reward/step:          31.299
Avg null action ratio:    [0.209, 0.497]
Avg invalid actions:      [0.0, 0.0]

Min steps:                6
Max steps:                1139

Defender wins:            0
Attacker wins:            200

Steps each sim:           [178, 744, 129, 144, 462, 201, 84, 183, 15, 298, 551, 355, 8, 156, 188, 328, 238, 552, 489, 127, 470, 327, 102, 9, 58, 401, 29, 64, 19, 125, 131, 204, 11, 308, 216, 425, 31, 40, 345, 888, 247, 557, 84, 248, 72, 260, 345, 95, 101, 208, 152, 110, 91, 113, 442, 365, 482, 51, 6, 84, 37, 14, 294, 284, 172, 123, 111, 450, 188, 74, 254, 133, 50, 218, 226, 167, 236, 26, 1139, 77, 27, 28, 165, 285, 20, 325, 36, 362, 252, 256, 231, 152, 102, 359, 617, 64, 240, 19, 37, 110, 224, 310, 19, 13, 228, 29, 229, 65, 172, 20, 204, 111, 168, 119, 283, 229, 146, 36, 118, 129, 235, 88, 9, 170, 22, 179, 313, 22, 48, 13, 149, 25, 178, 168, 194, 155, 495, 44, 161, 18, 124, 165, 31, 468, 43, 79, 252, 75, 272, 283, 44, 28, 25, 216, 101, 355, 415, 294, 323, 84, 1062, 191, 503, 420, 330, 555, 141, 88, 619, 20, 62, 434, 216, 194, 76, 257, 8, 480, 208, 103, 9, 114, 82, 145, 393, 106, 418, 75, 103, 366, 158, 881, 52, 648, 12, 113, 81, 462, 419, 95]
Reward each sim:          [5207, 23017, 3591, 4537, 14427, 5283, 2404, 6231, 79, 9596, 18436, 11324, -151, 4602, 5824, 10411, 7592, 18783, 15739, 3858, 14398, 10174, 3217, -98, 1289, 12053, 584, 2085, 150, 3706, 3370, 6823, -43, 10151, 7080, 13994, 563, 1100, 9744, 28083, 8202, 18715, 2483, 7839, 1963, 9065, 11440, 1884, 2616, 6458, 5042, 3757, 2728, 3433, 15052, 12679, 16554, 1008, -267, 2510, 990, -229, 8490, 9335, 5385, 3183, 3290, 14824, 5964, 2035, 7443, 3901, 1271, 6038, 7380, 4953, 7250, 423, 37628, 2605, 682, 729, 5802, 8691, 395, 8944, 920, 11859, 8707, 8861, 7548, 5084, 2960, 12397, 20792, 1873, 7716, 91, 884, 3083, 7158, 9563, -8, -130, 7194, 392, 7534, 1953, 4931, 147, 6528, 3421, 5248, 3593, 8999, 6790, 4298, 782, 3059, 3782, 6973, 2844, -155, 5501, 412, 5711, 10111, 405, 937, 74, 4668, 378, 5666, 5144, 6490, 4818, 15629, 1024, 4541, 247, 3878, 5338, 615, 15049, 849, 2462, 8095, 2083, 8568, 8530, 1128, 340, 411, 6702, 3399, 11151, 13633, 8389, 10222, 2463, 33596, 5987, 16459, 14331, 10479, 18428, 4157, 2828, 20447, 17, 1921, 13683, 7716, 6419, 1903, 8010, -156, 15792, 6615, 2838, -148, 3509, 2413, 4394, 12886, 3616, 13359, 1676, 3234, 10946, 4949, 28959, 1542, 21380, -37, 3781, 2164, 14200, 13181, 2692]
*********************************************************************
Simulation Type:          Random
Learning Time:            0 sec
---------------------------------------------------------------------
Avg steps:                127.555
Avg reward/step:          27.179
Avg null action ratio:    [0.244, 0.537]
Avg invalid actions:      [0.0, 0.0]

Min steps:                6
Max steps:                616

Defender wins:            0
Attacker wins:            200

Steps each sim:           [97, 133, 29, 83, 74, 142, 166, 112, 412, 25, 65, 411, 46, 10, 15, 108, 329, 18, 66, 127, 96, 290, 168, 182, 39, 148, 91, 148, 20, 362, 425, 205, 58, 83, 264, 64, 604, 40, 30, 152, 159, 84, 27, 15, 12, 31, 66, 393, 132, 6, 243, 49, 113, 91, 24, 356, 171, 136, 113, 170, 113, 149, 177, 411, 65, 179, 54, 23, 69, 98, 158, 46, 164, 102, 224, 37, 109, 156, 50, 90, 40, 13, 157, 22, 39, 32, 68, 60, 197, 135, 83, 133, 27, 94, 87, 35, 238, 32, 114, 372, 209, 16, 11, 122, 225, 8, 83, 495, 63, 43, 129, 14, 616, 108, 223, 32, 12, 304, 83, 7, 461, 359, 34, 84, 366, 62, 123, 53, 211, 36, 44, 84, 191, 8, 22, 14, 84, 21, 136, 76, 27, 133, 13, 28, 202, 176, 50, 135, 50, 26, 120, 78, 238, 89, 116, 174, 63, 146, 119, 26, 152, 265, 19, 352, 148, 8, 181, 18, 98, 23, 186, 64, 45, 215, 227, 162, 251, 135, 219, 29, 14, 89, 40, 80, 28, 84, 27, 66, 124, 47, 32, 320, 41, 418, 117, 80, 358, 204, 385, 99]
Reward each sim:          [2530, 3817, 509, 2444, 1777, 3977, 5004, 3080, 11628, 233, 1529, 11784, 1024, -203, 84, 2545, 9597, 149, 1784, 3210, 2468, 8397, 4548, 5640, 786, 4652, 2512, 3577, 47, 10366, 11975, 6370, 1509, 2035, 8134, 1899, 18420, 707, 499, 4481, 4466, 1415, 441, 26, -147, 563, 1643, 12338, 3455, -268, 7406, 773, 3611, 2490, 380, 10596, 4002, 3460, 2479, 4737, 2983, 4679, 5256, 10892, 1801, 5009, 1375, 304, 1707, 2293, 4248, 1189, 4080, 2673, 6997, 740, 3123, 5315, 1151, 2242, 1025, -40, 4415, 303, 504, 952, 1576, 1765, 5529, 3380, 2356, 3088, 641, 2292, 1831, 738, 6373, 411, 3138, 10932, 5256, 79, -293, 3554, 6494, -194, 2351, 14417, 1394, 931, 3338, 28, 17476, 2518, 6391, 393, -342, 8809, 1947, -218, 13968, 11827, 825, 1681, 10711, 1628, 3347, 1332, 6531, 591, 1188, 2563, 4687, -160, 307, -34, 1983, 143, 3964, 1923, 545, 2885, -27, 516, 5755, 4968, 872, 3876, 1153, 391, 3270, 2255, 6587, 2356, 2501, 4852, 1534, 3573, 2761, 438, 3702, 7842, 287, 10849, 4547, -254, 5489, -11, 3054, 255, 5047, 1059, 778, 5826, 6294, 4511, 7071, 3592, 6840, 795, -220, 2597, 700, 2091, 447, 2160, 490, 1611, 3736, 1163, 763, 9527, 670, 11335, 3270, 2637, 10706, 5820, 10768, 2480]
*********************************************************************
Simulation Type:          Static
Learning Time:            0 sec
---------------------------------------------------------------------
Avg steps:                22.51
Avg reward/step:          7.246
Avg null action ratio:    [1.0, 1.0]
Avg invalid actions:      [0.0, 0.0]

Min steps:                5
Max steps:                72

Defender wins:            0
Attacker wins:            200

Steps each sim:           [12, 42, 38, 11, 11, 33, 16, 20, 20, 7, 42, 17, 10, 47, 34, 45, 21, 6, 19, 7, 16, 19, 24, 21, 31, 11, 7, 53, 16, 56, 9, 35, 28, 24, 28, 17, 19, 52, 19, 17, 14, 31, 29, 19, 20, 29, 23, 22, 16, 39, 7, 72, 37, 18, 20, 8, 19, 12, 37, 23, 11, 8, 31, 15, 34, 12, 12, 29, 26, 9, 11, 22, 18, 29, 7, 19, 37, 23, 24, 6, 24, 12, 26, 20, 7, 13, 16, 6, 32, 13, 21, 18, 18, 13, 16, 9, 25, 7, 24, 12, 10, 29, 6, 33, 17, 8, 21, 23, 28, 22, 27, 40, 14, 20, 13, 48, 23, 13, 57, 14, 17, 9, 34, 8, 36, 5, 30, 40, 33, 35, 14, 39, 19, 25, 29, 27, 35, 11, 47, 14, 17, 15, 6, 13, 28, 6, 8, 38, 9, 40, 19, 19, 10, 22, 12, 47, 15, 19, 11, 9, 22, 17, 13, 26, 46, 38, 16, 24, 20, 16, 33, 36, 13, 25, 26, 43, 57, 8, 14, 34, 32, 55, 11, 23, 20, 12, 45, 30, 6, 24, 18, 19, 17, 8, 7, 29, 8, 40, 46, 19]
Reward each sim:          [-230, 520, 530, -240, -90, 480, -290, 100, 150, -230, 370, 170, -250, 1120, 590, 650, 10, -240, -160, -230, 60, 190, 190, 160, 710, -240, -230, 1030, -40, 1060, -210, 400, 130, -10, 630, 120, 340, 920, 390, -230, -160, 310, 290, 140, 50, 290, 180, 270, 110, 990, -230, 1970, 620, 130, 250, -170, -10, -230, 320, -70, -140, -170, 410, -200, 390, -30, -180, 490, 60, -210, -140, 270, -120, 640, -230, 90, 870, 230, 440, -240, 290, -180, 560, -50, -230, -70, -90, -240, 320, -170, 260, -170, 80, 80, -190, -160, -50, -180, 90, -180, -200, 390, -240, 630, -230, -270, 310, 430, 430, -380, 370, 600, -160, 100, -220, 1230, 130, -120, 1170, 140, -280, -110, 690, -170, 760, -300, 300, 250, 180, 450, -210, 690, 140, 350, 490, 170, 650, -240, 1020, 90, 120, 0, -240, -220, 530, -240, -170, 380, -110, 750, 40, -110, -300, -30, -230, 970, 200, -160, -240, -160, -380, 220, -220, 510, 610, 580, -290, 440, 350, 210, 530, 410, 80, 250, -140, 430, 1020, -220, -210, 390, 420, 900, -240, -20, 200, -130, 700, 550, -240, 290, -270, -60, -30, -170, -230, 140, -170, 400, 960, 140]
*********************************************************************
A2C is the most effective algorithm with 1797.69 avg steps.
PPO is the most efficient algorithm with 35.189 avg reward/step.
