*********************************************************************
Starting Simulation Types: A2C, PPO, Defender2000, Random, Static
Simulations per Type:      200
Steps per Simulation:      5000
---------------------------------------------------------------------
Graph Name:                simple_webservice
Attack Name:               professional
Only Nodes:                False
Only Prevention Systems:   False
Nodes Pause:               6
Prevention Systems Pause:  3
*********************************************************************
Simulation Type:          A2C
Learning Time:            1.0 sec
---------------------------------------------------------------------
Avg steps:                321.555
Avg reward/step:          32.339
Avg null action ratio:    [0.469, 0.584]
Avg invalid actions:      [0.341, 0.371]

Min steps:                6
Max steps:                2213

Defender wins:            0
Attacker wins:            200

Steps each sim:           [329, 410, 551, 105, 852, 215, 26, 245, 110, 687, 470, 493, 271, 1040, 200, 1978, 579, 322, 159, 1298, 324, 161, 76, 673, 94, 74, 35, 168, 80, 215, 219, 402, 54, 109, 26, 372, 483, 88, 957, 31, 131, 119, 21, 156, 195, 83, 124, 129, 208, 224, 222, 363, 56, 679, 28, 95, 207, 481, 1017, 475, 33, 564, 838, 504, 179, 436, 115, 229, 45, 260, 2213, 17, 163, 736, 172, 223, 63, 321, 96, 192, 381, 518, 624, 160, 754, 303, 78, 233, 75, 15, 43, 145, 55, 480, 655, 262, 346, 966, 467, 191, 111, 204, 596, 6, 306, 130, 909, 376, 506, 867, 274, 265, 323, 199, 82, 41, 235, 504, 215, 318, 211, 881, 198, 111, 38, 68, 198, 20, 60, 539, 115, 317, 27, 1617, 46, 69, 184, 622, 1567, 238, 755, 119, 97, 725, 168, 164, 566, 110, 160, 233, 430, 440, 644, 186, 369, 63, 231, 90, 25, 359, 107, 349, 206, 210, 220, 1020, 40, 183, 99, 298, 139, 204, 253, 477, 283, 323, 295, 454, 465, 42, 202, 21, 246, 107, 133, 21, 268, 173, 360, 34, 415, 138, 472, 25, 604, 10, 506, 266, 311, 661]
Reward each sim:          [10116, 14100, 18822, 3091, 26692, 7143, 259, 8126, 3367, 23814, 15955, 16654, 8722, 34596, 6308, 67618, 19377, 11042, 4480, 43921, 11143, 4576, 1942, 22810, 2864, 2153, 727, 4635, 2573, 7624, 6414, 10780, 1468, 3080, 460, 11436, 16208, 2734, 31083, 496, 4442, 3473, 172, 5381, 5587, 2486, 3629, 3428, 6561, 7441, 7355, 12411, 1688, 22641, 378, 2674, 6638, 15763, 32195, 15120, 915, 18893, 28207, 15810, 5458, 14806, 3748, 6823, 857, 7460, 73052, 166, 5143, 24367, 5305, 6143, 1559, 10685, 3049, 4996, 12836, 17546, 21552, 5449, 25583, 9983, 2506, 7212, 2196, -2, 774, 4098, 1462, 15316, 21812, 8638, 10667, 32158, 14932, 6549, 3272, 6055, 19469, -274, 9971, 4316, 30576, 12242, 16597, 28203, 8709, 8250, 10797, 7124, 2182, 1200, 7448, 16772, 7632, 10043, 6517, 30030, 6674, 2970, 739, 1777, 6005, 289, 1533, 17583, 4042, 9811, 427, 53138, 1049, 2018, 6410, 21938, 52268, 7807, 25830, 3682, 2515, 24021, 5013, 5048, 19070, 3167, 5138, 8269, 14050, 14388, 20868, 5391, 12868, 1648, 7168, 2263, 359, 12181, 3232, 11454, 6353, 6464, 6876, 33075, 963, 5533, 2852, 9303, 4044, 6144, 7202, 15857, 8987, 10260, 9217, 13182, 15581, 1163, 6132, 182, 7991, 3213, 4117, 125, 9078, 5272, 12176, 686, 13335, 3853, 16049, 452, 20280, -133, 15931, 7766, 9591, 21789]
*********************************************************************
Simulation Type:          PPO
Learning Time:            1.6 sec
---------------------------------------------------------------------
Avg steps:                79.645
Avg reward/step:          24.086
Avg null action ratio:    [0.458, 0.612]
Avg invalid actions:      [0.329, 0.244]

Min steps:                5
Max steps:                574

Defender wins:            0
Attacker wins:            200

Steps each sim:           [18, 86, 17, 62, 162, 72, 62, 20, 41, 93, 99, 94, 104, 14, 121, 52, 8, 177, 70, 10, 172, 113, 159, 228, 59, 76, 33, 15, 148, 23, 46, 171, 433, 180, 188, 108, 171, 57, 143, 100, 8, 51, 15, 37, 20, 13, 210, 53, 34, 52, 180, 52, 37, 150, 23, 14, 37, 167, 75, 82, 62, 154, 54, 109, 24, 32, 58, 15, 102, 26, 85, 81, 14, 59, 145, 24, 100, 44, 93, 31, 69, 57, 54, 130, 90, 47, 24, 81, 286, 303, 7, 119, 51, 22, 41, 108, 86, 66, 81, 38, 36, 150, 20, 60, 58, 59, 37, 85, 166, 129, 112, 21, 187, 43, 117, 97, 164, 8, 18, 86, 59, 88, 47, 27, 38, 49, 26, 34, 46, 31, 7, 11, 27, 110, 21, 28, 157, 15, 122, 38, 74, 14, 53, 53, 41, 50, 49, 139, 67, 14, 13, 146, 51, 13, 12, 83, 176, 56, 41, 114, 14, 76, 19, 17, 85, 47, 21, 99, 17, 77, 574, 142, 122, 58, 31, 38, 17, 45, 89, 21, 118, 85, 32, 107, 60, 76, 7, 75, 241, 136, 66, 65, 158, 241, 23, 426, 20, 62, 5, 37]
Reward each sim:          [110, 1904, 74, 1661, 4403, 1658, 1055, 26, 811, 2440, 2599, 2876, 2975, 40, 3924, 891, -206, 4644, 1343, -141, 4883, 2936, 4266, 6026, 1519, 2261, 699, 138, 3240, 95, 1043, 4465, 12410, 4795, 4744, 3210, 3569, 1479, 3346, 2276, -141, 1233, 106, 795, -14, -213, 5724, 1616, 927, 1084, 4911, 1325, 1147, 3809, 186, 149, 339, 4310, 1897, 2179, 1800, 3532, 1401, 3028, 504, 658, 1093, -4, 2916, 515, 2353, 1573, -258, 1145, 3897, 8, 2538, 514, 2978, 589, 1134, 1154, 1186, 3662, 2461, 647, 347, 1989, 7246, 8434, -196, 3574, 1211, 196, 718, 2648, 1955, 1918, 1790, 535, 540, 5360, 344, 1398, 1797, 1285, 758, 2004, 3429, 3501, 3479, 434, 4800, 821, 2901, 2010, 4777, -198, 58, 2314, 1639, 2259, 744, 82, 499, 1256, 560, 773, 1044, 511, -209, -78, 429, 2984, 291, 278, 4272, -47, 3177, 752, 1772, -160, 1196, 1331, 812, 1060, 1355, 3858, 1742, 82, -115, 3497, 1171, -63, -168, 1844, 4398, 1153, 763, 3038, -62, 905, 64, 109, 2400, 1051, 146, 2653, 248, 1924, 14798, 3116, 3513, 1296, 346, 637, 1, 1097, 1965, 335, 3217, 1748, 704, 2786, 799, 1839, -199, 2001, 6830, 3436, 1737, 1469, 3730, 6195, 295, 11780, 164, 1620, -319, 452]
*********************************************************************
Simulation Type:          Defender2000
Learning Time:            0 sec
---------------------------------------------------------------------
Avg steps:                205.035
Avg reward/step:          31.401
Avg null action ratio:    [0.21, 0.495]
Avg invalid actions:      [0.0, 0.0]

Min steps:                6
Max steps:                1253

Defender wins:            0
Attacker wins:            200

Steps each sim:           [187, 77, 83, 51, 191, 73, 146, 296, 90, 162, 376, 1253, 159, 878, 100, 69, 45, 28, 372, 96, 116, 473, 264, 343, 162, 45, 219, 14, 142, 531, 451, 218, 49, 127, 268, 99, 18, 615, 122, 56, 666, 81, 213, 174, 68, 8, 101, 188, 262, 280, 46, 119, 37, 60, 122, 64, 42, 349, 113, 112, 51, 399, 47, 39, 497, 357, 39, 259, 38, 44, 18, 607, 33, 352, 321, 304, 122, 201, 269, 478, 177, 145, 148, 84, 131, 203, 38, 116, 18, 16, 20, 493, 767, 101, 67, 514, 98, 13, 72, 375, 94, 187, 22, 185, 74, 102, 550, 174, 202, 28, 94, 260, 245, 112, 437, 15, 180, 173, 109, 275, 15, 268, 353, 95, 186, 877, 214, 38, 248, 16, 507, 74, 102, 238, 32, 112, 275, 62, 403, 298, 315, 195, 272, 207, 212, 217, 476, 295, 190, 158, 315, 220, 435, 219, 335, 27, 37, 126, 59, 74, 6, 670, 135, 215, 33, 38, 299, 230, 19, 324, 352, 132, 11, 164, 32, 117, 382, 402, 174, 178, 355, 98, 1059, 143, 41, 131, 111, 135, 27, 251, 35, 582, 72, 93, 130, 458, 46, 403, 361, 8]
Reward each sim:          [5826, 1834, 2623, 1463, 5658, 2118, 5039, 10649, 2393, 5219, 11944, 42227, 5347, 27915, 3121, 1898, 1226, 546, 11464, 2976, 3337, 14725, 9117, 11286, 5217, 1130, 7174, -77, 4032, 17499, 14700, 7157, 1059, 3496, 7868, 2801, 30, 20850, 4094, 1632, 21571, 2643, 6787, 5608, 1727, -147, 3098, 5550, 7477, 9590, 1380, 3713, 635, 1641, 3700, 1229, 1054, 10235, 3209, 2910, 1297, 12631, 1239, 747, 15499, 10392, 933, 8235, 1092, 1215, 191, 19914, 368, 10942, 10496, 9003, 3230, 6327, 8644, 15849, 5301, 4662, 3963, 2254, 3865, 6185, 802, 3856, 247, 172, 205, 16449, 24552, 3035, 1979, 16821, 3093, 75, 1908, 11530, 2628, 5929, 418, 6230, 1799, 2928, 19550, 5087, 7139, 536, 2092, 8541, 7765, 3603, 14240, 97, 5495, 5744, 3395, 9082, 131, 9520, 11146, 2946, 5837, 29124, 7225, 941, 7809, 117, 16801, 1817, 2739, 7171, 770, 3477, 8791, 1117, 13651, 9980, 10697, 5790, 8612, 6300, 6090, 6683, 15788, 9723, 6034, 4840, 9697, 6909, 13881, 6515, 10247, 384, 826, 3286, 1676, 2073, -278, 22359, 4028, 7058, 868, 937, 9726, 7311, 10, 10592, 11470, 3966, -102, 5300, 543, 3860, 11670, 12784, 6016, 5968, 11863, 2463, 35590, 4438, 946, 4048, 3103, 4431, 148, 7581, 476, 19296, 1833, 2996, 4493, 13736, 1174, 13113, 11104, -156]
*********************************************************************
Simulation Type:          Random
Learning Time:            0 sec
---------------------------------------------------------------------
Avg steps:                134.965
Avg reward/step:          27.53
Avg null action ratio:    [0.244, 0.539]
Avg invalid actions:      [0.0, 0.0]

Min steps:                6
Max steps:                671

Defender wins:            0
Attacker wins:            200

Steps each sim:           [124, 62, 119, 54, 151, 93, 239, 170, 364, 25, 118, 137, 105, 460, 39, 350, 125, 70, 17, 49, 207, 546, 127, 148, 54, 237, 181, 219, 123, 409, 27, 133, 311, 45, 30, 197, 23, 27, 99, 472, 25, 6, 303, 145, 79, 225, 22, 400, 103, 96, 195, 34, 130, 47, 458, 107, 136, 313, 78, 46, 38, 113, 77, 43, 14, 10, 14, 55, 373, 65, 88, 32, 92, 89, 431, 123, 95, 147, 176, 13, 29, 146, 54, 75, 94, 18, 44, 152, 79, 80, 104, 63, 150, 60, 42, 230, 184, 136, 379, 92, 40, 223, 17, 103, 28, 46, 6, 171, 170, 180, 172, 79, 249, 92, 100, 142, 26, 18, 70, 53, 58, 157, 55, 13, 102, 166, 34, 118, 56, 291, 273, 88, 55, 78, 52, 56, 194, 10, 96, 115, 165, 185, 577, 17, 149, 76, 198, 178, 121, 19, 65, 53, 126, 30, 61, 284, 19, 68, 15, 79, 164, 101, 125, 253, 6, 196, 101, 297, 89, 179, 26, 31, 225, 89, 410, 150, 148, 28, 57, 74, 475, 23, 232, 373, 11, 267, 156, 144, 326, 16, 145, 60, 285, 14, 99, 308, 25, 203, 671, 141]
Reward each sim:          [3754, 1872, 3143, 1270, 3621, 2317, 5687, 5102, 11154, 130, 3493, 3955, 2841, 13692, 806, 10987, 3254, 1505, 46, 705, 5951, 15281, 3762, 4701, 1264, 7071, 5578, 6713, 3734, 12358, 198, 3245, 8706, 891, 541, 6111, 426, 431, 3124, 13623, 374, -259, 8918, 3932, 2083, 7395, 250, 11777, 2772, 2658, 5510, 780, 3386, 1291, 13253, 2678, 3169, 9634, 1494, 1207, 1103, 3469, 1779, 1016, -25, -100, -132, 1262, 11192, 1787, 2349, 636, 2021, 2503, 11745, 3741, 2337, 3853, 4834, 56, 446, 3984, 990, 1683, 2947, -6, 1145, 3394, 2201, 2124, 2283, 1677, 4027, 1604, 754, 6653, 5222, 4043, 11585, 2487, 710, 6954, 132, 2670, 557, 1164, -269, 4559, 4417, 5216, 5070, 1769, 7791, 2462, 2789, 4102, 79, 41, 1413, 1540, 1279, 3986, 1244, -85, 3170, 5459, 581, 3349, 1249, 8173, 7873, 2142, 1442, 1993, 1292, 1541, 5812, -105, 2147, 3047, 5268, 5244, 17454, 84, 3966, 2501, 5892, 4853, 3195, 101, 1509, 1246, 3825, 741, 1679, 7815, 49, 1327, -17, 2037, 4693, 2938, 3554, 6731, -261, 5345, 2717, 9339, 1797, 5927, 645, 520, 6216, 2338, 11319, 4003, 4454, 692, 1634, 1839, 13173, 225, 6554, 10116, -85, 7698, 4035, 4069, 9540, 48, 4344, 1707, 7406, -35, 2543, 8273, 285, 5842, 19519, 3879]
*********************************************************************
Simulation Type:          Static
Learning Time:            0 sec
---------------------------------------------------------------------
Avg steps:                22.4
Avg reward/step:          6.496
Avg null action ratio:    [1.0, 1.0]
Avg invalid actions:      [0.0, 0.0]

Min steps:                5
Max steps:                66

Defender wins:            0
Attacker wins:            200

Steps each sim:           [24, 10, 14, 17, 17, 23, 35, 18, 14, 30, 34, 18, 37, 66, 20, 22, 22, 32, 36, 10, 48, 53, 14, 10, 21, 49, 30, 14, 55, 12, 51, 6, 9, 11, 11, 19, 15, 22, 8, 23, 18, 34, 19, 31, 13, 20, 5, 52, 14, 13, 6, 22, 15, 32, 31, 38, 51, 24, 13, 8, 39, 61, 11, 12, 25, 18, 13, 24, 14, 13, 9, 22, 17, 36, 41, 9, 14, 33, 26, 24, 44, 5, 16, 40, 16, 34, 35, 21, 39, 10, 16, 19, 17, 30, 25, 24, 5, 15, 19, 60, 27, 18, 8, 25, 8, 18, 17, 50, 44, 21, 20, 31, 44, 14, 27, 10, 30, 6, 10, 21, 37, 26, 27, 7, 9, 7, 18, 25, 12, 41, 38, 13, 20, 10, 17, 34, 6, 29, 25, 17, 17, 8, 22, 33, 29, 5, 16, 39, 21, 24, 9, 13, 9, 16, 56, 21, 22, 24, 30, 33, 34, 8, 37, 19, 9, 50, 48, 7, 6, 26, 25, 26, 9, 24, 11, 9, 16, 36, 21, 19, 26, 13, 8, 30, 13, 8, 7, 10, 42, 23, 6, 18, 30, 10, 11, 12, 5, 21, 30, 13]
Reward each sim:          [240, -150, -210, -180, -180, 530, 350, 80, -210, 150, 590, 230, 270, 1310, -50, 420, 320, 370, 760, -200, 830, 880, -210, -100, 60, 840, 100, -210, 1350, -80, 1010, -240, -210, -140, -190, -10, -350, -80, -270, 280, -70, 440, -160, 460, -170, 150, -300, 870, -160, -270, -240, 220, 200, 420, 510, 430, 910, 340, 80, -170, 540, 1110, -290, -280, 50, -70, -220, 90, -210, -170, -160, 220, -230, 560, 760, -110, -160, 230, 360, 290, 990, -300, -290, 750, 160, 440, 500, 60, 640, -150, -40, -160, -230, 550, 250, -60, -300, 200, 240, 900, 20, 230, -170, 250, -170, 80, -130, 700, 890, 10, -200, 560, 490, -210, 370, -150, 350, -240, -100, 160, 570, -190, 570, -230, -160, -230, 330, 0, -230, 610, 1030, -70, 150, -300, 20, 190, -240, 390, 400, -230, 170, -120, 320, 280, 90, -300, -240, 890, 10, 390, -260, 30, -160, -140, 1010, 310, 170, 40, 350, 380, 690, -170, 570, -260, -210, 950, 680, -230, -240, 110, 350, 210, -210, 440, -140, -160, 160, 360, 260, 190, -90, -170, -220, 200, -70, -270, -230, -300, 970, 30, -240, 80, 500, -300, -240, -230, -300, 260, 300, 80]
*********************************************************************
A2C is the most effective algorithm with 321.555 avg steps.
A2C is the most efficient algorithm with 32.339 avg reward/step.
