*********************************************************************
Starting Simulation Types: A2C, PPO, Defender2000, Random, Static
Simulations per Type:      200
Steps per Simulation:      5000
---------------------------------------------------------------------
Graph Name:                simple_webservice
Attack Name:               professional
Only Nodes:                False
Only Prevention Systems:   False
Nodes Pause:               6
Prevention Systems Pause:  3
*********************************************************************
Simulation Type:          A2C
Learning Time:            690.5 sec
---------------------------------------------------------------------
Avg steps:                2028.855
Avg reward/step:          34.842
Avg null action ratio:    [1.0, 0.692]
Avg invalid actions:      [0.0, 0.365]

Min steps:                12
Max steps:                5000

Defender wins:            20
Attacker wins:            180

Steps each sim:           [1716, 317, 477, 2564, 2156, 3091, 1351, 5000, 248, 2001, 2149, 1919, 829, 5000, 654, 1342, 2295, 304, 1298, 754, 685, 168, 2406, 975, 2037, 1856, 1630, 58, 5000, 5000, 1929, 1032, 742, 76, 2924, 5000, 2219, 1350, 1563, 1226, 3831, 4457, 3379, 499, 2833, 729, 3273, 29, 382, 1984, 1222, 2232, 3204, 5000, 4140, 252, 1447, 3137, 2060, 1084, 2589, 5000, 2912, 1300, 211, 853, 3129, 3776, 1971, 855, 167, 898, 2048, 5000, 669, 483, 2260, 4820, 4580, 998, 5000, 1098, 764, 2118, 211, 278, 4261, 4314, 2105, 2366, 682, 639, 82, 1581, 43, 2339, 3560, 3830, 887, 1436, 677, 45, 4303, 1843, 1384, 1938, 2395, 194, 2207, 349, 735, 683, 3706, 318, 1268, 4533, 1614, 12, 151, 977, 1819, 564, 1667, 1094, 55, 2327, 5000, 1735, 1999, 5000, 767, 3241, 4001, 3018, 5000, 2771, 78, 625, 5000, 1853, 1695, 4918, 3037, 1140, 54, 679, 3953, 1031, 2881, 1030, 4515, 1454, 3933, 5000, 3544, 2650, 423, 5000, 2384, 543, 1131, 1659, 232, 3943, 1023, 51, 1532, 644, 5000, 1471, 1172, 2205, 190, 948, 1962, 969, 1214, 2546, 2358, 5000, 672, 1645, 4150, 1566, 242, 5000, 107, 2029, 1115, 1734, 5000, 2468, 5000, 1275, 582, 1280, 2568, 3806, 2257, 587]
Reward each sim:          [59604, 10624, 15722, 87816, 77636, 105996, 47324, 174022, 7976, 70286, 74850, 67506, 28530, 175932, 23190, 47796, 80382, 9200, 45876, 27226, 24430, 5726, 81618, 32894, 74720, 65312, 56148, 1544, 176670, 176724, 64496, 36042, 25020, 2114, 102618, 177676, 78064, 45868, 52760, 42806, 133546, 153538, 117004, 17484, 100138, 25046, 114824, 520, 13386, 69108, 41560, 78848, 111864, 172122, 143744, 8164, 50330, 112888, 73822, 37832, 89842, 172178, 104924, 45248, 7232, 29202, 107330, 131996, 69292, 30414, 5716, 30682, 72310, 171978, 23872, 17584, 78258, 168090, 157026, 35570, 174832, 37954, 27456, 74772, 6834, 9462, 148842, 148462, 71560, 82148, 23894, 21750, 2370, 54642, 1004, 80164, 123672, 131946, 31120, 49270, 22658, 1122, 151530, 64038, 47090, 67238, 83676, 7318, 75408, 12176, 24900, 24010, 128372, 10534, 42552, 157628, 54000, 12, 5618, 34268, 61968, 20092, 57842, 38012, 1314, 79536, 173072, 61038, 71092, 175342, 25300, 112828, 139742, 104278, 174324, 94398, 2230, 21160, 176722, 67540, 59118, 173300, 107966, 39450, 1506, 23468, 136788, 36574, 100088, 35020, 159008, 51248, 137106, 177504, 123314, 93476, 14116, 177326, 84412, 18896, 39314, 55774, 8028, 137648, 35544, 1478, 54434, 22440, 171666, 48904, 41692, 78140, 5430, 32446, 69110, 33044, 43382, 88084, 82370, 178522, 22056, 58140, 145996, 52506, 8770, 178980, 3352, 72692, 38470, 60374, 172572, 86100, 171636, 44668, 19554, 42862, 89644, 133814, 78946, 20164]
*********************************************************************
Simulation Type:          PPO
Learning Time:            1363.7 sec
---------------------------------------------------------------------
Avg steps:                131.29
Avg reward/step:          29.331
Avg null action ratio:    [0.996, 0.725]
Avg invalid actions:      [0.0, 0.233]

Min steps:                8
Max steps:                557

Defender wins:            0
Attacker wins:            200

Steps each sim:           [74, 70, 47, 117, 69, 147, 18, 185, 153, 101, 72, 67, 209, 142, 17, 182, 255, 255, 181, 218, 95, 228, 81, 31, 87, 256, 113, 143, 224, 192, 92, 88, 306, 225, 55, 139, 27, 249, 136, 129, 210, 93, 61, 155, 37, 87, 409, 45, 131, 68, 178, 11, 77, 77, 152, 89, 72, 189, 84, 56, 65, 54, 107, 104, 88, 15, 46, 175, 215, 218, 414, 391, 280, 154, 333, 31, 58, 41, 28, 77, 135, 158, 224, 247, 48, 21, 113, 28, 26, 131, 66, 557, 172, 114, 114, 321, 135, 71, 146, 78, 34, 227, 174, 47, 41, 17, 319, 171, 176, 187, 192, 73, 76, 191, 83, 126, 128, 64, 149, 488, 67, 95, 330, 141, 23, 158, 21, 225, 30, 63, 77, 35, 77, 431, 132, 267, 14, 118, 24, 133, 12, 78, 127, 192, 138, 22, 497, 121, 92, 63, 68, 176, 140, 73, 43, 281, 18, 56, 38, 81, 315, 57, 142, 189, 216, 100, 537, 133, 81, 82, 37, 312, 82, 44, 60, 61, 185, 49, 8, 133, 131, 37, 130, 41, 238, 26, 78, 71, 96, 240, 140, 55, 169, 45, 281, 20, 11, 219, 20, 92]
Reward each sim:          [1695, 1964, 894, 3607, 2150, 4494, 172, 5734, 4694, 2947, 2524, 1832, 6026, 3996, 60, 5880, 7913, 8397, 5091, 6755, 2246, 7005, 1968, 642, 2665, 7653, 3661, 4552, 6866, 6009, 2954, 2484, 9931, 6586, 1624, 4210, 458, 7551, 3637, 4009, 6129, 2476, 1521, 4416, 748, 2426, 12742, 976, 3793, 1590, 5136, 6, 2175, 2524, 4823, 1990, 2426, 5474, 1944, 1680, 1762, 1310, 2610, 2973, 2827, 192, 586, 5140, 7276, 6264, 13789, 12771, 8745, 4306, 9499, 342, 1345, 838, 666, 2326, 3824, 4592, 6265, 7181, 1002, 298, 3457, 714, 296, 3839, 1821, 18939, 4926, 2784, 3676, 9886, 3619, 1970, 4681, 1734, 819, 7500, 5340, 1144, 1038, 60, 9901, 5461, 5505, 5449, 6216, 1990, 2213, 5643, 2131, 3990, 3455, 1654, 4303, 14500, 1832, 3304, 10422, 3723, 420, 4442, 396, 6925, 632, 1392, 2021, 530, 2226, 13645, 3700, 8205, -68, 2863, 424, 3555, -138, 1792, 3498, 6516, 4114, 156, 15620, 3244, 2767, 1793, 2188, 5024, 4612, 2242, 1008, 8637, 218, 1223, 856, 2604, 9666, 1240, 4046, 5546, 6879, 2542, 17557, 3912, 1167, 2126, 848, 9339, 2075, 964, 1764, 1278, 5588, 1162, -176, 4349, 4037, 804, 3821, 1233, 7230, 242, 1740, 1870, 2110, 7755, 4265, 1770, 4902, 824, 9106, 388, -98, 6516, 140, 3170]
*********************************************************************
Simulation Type:          Defender2000
Learning Time:            0 sec
---------------------------------------------------------------------
Avg steps:                222.34
Avg reward/step:          31.651
Avg null action ratio:    [0.21, 0.494]
Avg invalid actions:      [0.0, 0.0]

Min steps:                6
Max steps:                1804

Defender wins:            0
Attacker wins:            200

Steps each sim:           [125, 90, 175, 219, 56, 228, 328, 99, 98, 189, 374, 125, 24, 108, 26, 79, 263, 74, 59, 53, 315, 364, 175, 293, 1114, 44, 506, 187, 19, 72, 81, 155, 426, 205, 268, 43, 89, 165, 351, 266, 769, 186, 100, 34, 130, 22, 627, 24, 243, 15, 470, 179, 234, 181, 85, 122, 300, 61, 221, 12, 369, 222, 174, 263, 110, 343, 339, 182, 253, 659, 338, 182, 105, 196, 460, 126, 417, 130, 88, 30, 186, 276, 993, 49, 93, 320, 322, 111, 166, 67, 446, 98, 138, 200, 488, 143, 28, 465, 65, 148, 597, 386, 241, 373, 147, 14, 272, 245, 306, 132, 399, 202, 12, 165, 327, 61, 500, 244, 190, 49, 330, 285, 76, 428, 72, 211, 127, 190, 94, 100, 477, 146, 452, 145, 20, 188, 93, 213, 239, 58, 277, 101, 321, 90, 409, 145, 296, 29, 62, 372, 1238, 119, 29, 14, 319, 1804, 668, 66, 44, 157, 220, 36, 6, 323, 153, 231, 647, 460, 251, 347, 115, 357, 136, 227, 547, 10, 292, 141, 44, 104, 58, 58, 108, 57, 59, 52, 364, 8, 119, 13, 32, 28, 612, 440, 40, 21, 161, 204, 268, 20]
Reward each sim:          [3582, 2677, 5236, 6774, 1502, 7523, 9739, 2862, 2845, 6412, 12380, 3687, 383, 3345, 620, 2417, 8267, 2379, 1395, 1227, 10425, 11486, 5758, 9558, 35735, 929, 17475, 5402, 152, 2289, 1748, 4441, 14164, 7059, 9221, 1326, 2162, 5437, 11478, 7910, 24314, 5869, 3013, 721, 4055, 425, 21179, 264, 7796, 78, 15361, 5840, 7517, 5446, 2776, 3620, 10204, 1401, 7388, -90, 11048, 6796, 5979, 9031, 2804, 9742, 10617, 5756, 8370, 20788, 11452, 6061, 3129, 6461, 14257, 3919, 13404, 3985, 2880, 686, 5325, 8857, 33701, 1114, 3090, 9716, 10352, 3198, 5056, 1781, 14552, 2512, 4392, 5628, 16313, 4370, 543, 15291, 1697, 4757, 19908, 12546, 7572, 12288, 4864, 23, 8050, 7016, 9982, 4253, 13201, 6780, -77, 5255, 10512, 1904, 16024, 8327, 6606, 1119, 10485, 9079, 1895, 14326, 1961, 6300, 3735, 5951, 2535, 3214, 16190, 4234, 15151, 4404, 395, 5998, 2911, 6216, 7363, 1641, 8857, 3507, 11195, 2947, 13375, 4088, 10405, 451, 1154, 12459, 40859, 3789, 288, 23, 10490, 61122, 20916, 1813, 1359, 4957, 6612, 777, -256, 10625, 4182, 7777, 20345, 14063, 7466, 11319, 3567, 10394, 4131, 7817, 16963, -95, 9223, 3949, 1130, 3294, 1689, 1586, 3446, 1825, 1746, 1526, 11892, -253, 3794, 23, 552, 643, 20883, 13832, 746, 449, 5078, 7093, 7167, 262]
*********************************************************************
Simulation Type:          Random
Learning Time:            0 sec
---------------------------------------------------------------------
Avg steps:                119.61
Avg reward/step:          26.933
Avg null action ratio:    [0.242, 0.537]
Avg invalid actions:      [0.0, 0.0]

Min steps:                6
Max steps:                665

Defender wins:            0
Attacker wins:            200

Steps each sim:           [88, 272, 38, 93, 61, 94, 84, 19, 43, 108, 491, 64, 26, 152, 143, 19, 89, 200, 45, 409, 29, 27, 75, 345, 66, 65, 32, 167, 58, 74, 56, 186, 181, 56, 113, 11, 196, 177, 8, 612, 158, 7, 83, 73, 118, 38, 140, 82, 394, 174, 192, 34, 18, 100, 80, 72, 29, 105, 42, 14, 160, 45, 80, 74, 189, 132, 84, 155, 173, 114, 438, 89, 36, 96, 9, 29, 248, 65, 218, 199, 25, 73, 75, 33, 141, 18, 176, 402, 238, 23, 84, 54, 164, 95, 86, 253, 9, 229, 77, 25, 57, 79, 51, 83, 218, 41, 189, 20, 32, 207, 49, 250, 168, 53, 184, 82, 95, 131, 72, 87, 46, 53, 444, 62, 8, 52, 35, 84, 19, 71, 293, 47, 89, 20, 65, 29, 51, 121, 277, 228, 21, 64, 241, 19, 39, 27, 239, 35, 17, 36, 89, 65, 238, 39, 76, 142, 665, 217, 89, 40, 176, 375, 125, 281, 79, 276, 143, 98, 41, 61, 171, 96, 9, 116, 23, 95, 208, 59, 172, 117, 358, 8, 245, 60, 21, 244, 136, 11, 130, 168, 158, 314, 35, 302, 91, 37, 6, 105, 101, 93]
Reward each sim:          [2605, 7691, 942, 3217, 1244, 2632, 1736, 357, 1181, 2717, 14036, 1771, 228, 4704, 3750, 12, 2024, 5217, 1234, 11439, 216, 729, 2089, 10361, 1744, 1135, 278, 5224, 1469, 1973, 1793, 6012, 5260, 1397, 2850, -250, 5538, 5022, -211, 16587, 4835, -216, 1911, 1279, 3411, 963, 3506, 2334, 11253, 4866, 6137, 739, 61, 2655, 1937, 1618, 355, 2466, 652, 88, 4368, 895, 1986, 2187, 5432, 3579, 2339, 4264, 4853, 3508, 13178, 2382, 397, 2388, -208, 469, 5661, 1787, 6482, 4755, 474, 1707, 1976, 422, 4113, 99, 5144, 10993, 6562, 168, 2454, 1487, 4400, 3114, 2333, 6634, -151, 6509, 2047, 439, 1715, 2261, 1278, 2260, 5880, 1074, 5329, 105, 510, 6095, 1285, 7102, 4441, 1136, 5245, 2331, 2294, 3715, 2017, 2205, 886, 1101, 13422, 1733, -211, 1528, 522, 2221, 205, 1695, 8329, 1279, 2362, 315, 1264, 793, 1362, 3506, 7491, 5975, 212, 1659, 6912, 398, 960, 551, 5803, 542, -18, 764, 2016, 1808, 6110, 896, 1954, 4096, 20145, 6082, 2439, 855, 5214, 10027, 3399, 8162, 2418, 7522, 4207, 2283, 1022, 1562, 4877, 2961, -243, 2376, 216, 2464, 5484, 1714, 4463, 3354, 11281, -203, 7759, 1206, 154, 7250, 3770, -77, 3121, 4999, 4685, 7876, 834, 8850, 2248, 689, -278, 3022, 2231, 2725]
*********************************************************************
Simulation Type:          Static
Learning Time:            0 sec
---------------------------------------------------------------------
Avg steps:                20.59
Avg reward/step:          5.338
Avg null action ratio:    [1.0, 1.0]
Avg invalid actions:      [0.0, 0.0]

Min steps:                5
Max steps:                62

Defender wins:            0
Attacker wins:            200

Steps each sim:           [19, 37, 33, 24, 7, 10, 35, 16, 6, 29, 13, 12, 27, 12, 19, 37, 35, 28, 14, 20, 14, 31, 35, 25, 9, 7, 35, 30, 31, 23, 60, 20, 16, 38, 10, 10, 38, 43, 38, 17, 32, 31, 27, 18, 31, 30, 6, 18, 10, 6, 11, 27, 10, 13, 9, 30, 17, 31, 14, 10, 19, 16, 31, 7, 12, 32, 19, 11, 19, 7, 21, 11, 6, 20, 18, 30, 6, 20, 5, 18, 7, 21, 25, 18, 14, 18, 30, 14, 27, 18, 19, 20, 12, 12, 15, 17, 26, 12, 31, 22, 12, 28, 29, 28, 10, 56, 24, 17, 7, 37, 46, 8, 15, 19, 13, 24, 10, 20, 11, 12, 42, 12, 15, 31, 13, 34, 18, 13, 6, 6, 11, 17, 62, 19, 13, 10, 12, 9, 8, 23, 13, 17, 23, 18, 39, 7, 19, 8, 31, 8, 43, 25, 46, 9, 43, 7, 26, 29, 21, 11, 8, 6, 30, 31, 38, 6, 8, 11, 10, 26, 28, 53, 20, 5, 18, 26, 16, 9, 6, 7, 7, 24, 33, 7, 26, 42, 24, 18, 7, 20, 22, 24, 51, 17, 22, 28, 24, 22, 14, 31]
Reward each sim:          [140, 520, 380, 90, -180, -150, 350, 160, -240, 390, -270, -230, 120, -130, -260, 870, 500, -320, 90, 300, -110, 160, 650, 150, -160, -180, 150, 400, 260, 30, 1250, 50, 160, 530, -200, -300, 530, 630, 430, -280, 570, 410, 470, 30, 560, 500, -240, 30, -300, -240, -190, 470, -300, -170, -160, 300, -180, 260, -210, -50, 290, -140, 360, -230, -180, 520, 140, -240, 90, -280, 310, -240, -240, 200, 30, 200, -240, 100, -300, -70, -230, -190, 350, -120, -160, 380, 400, -160, 120, 280, -160, 300, -230, -230, 50, -30, 60, -230, 310, 70, -230, 130, 440, 280, -300, 860, 390, 120, -230, 570, 810, -170, -200, 290, -170, 290, -200, 350, -40, -130, 870, -330, -200, 110, -170, 40, -170, -120, -240, -240, -240, 220, 970, 190, -270, -200, -130, -210, -170, 230, -170, 320, 380, 280, 590, -230, 240, -270, 760, -170, 630, 250, 810, -210, 730, -180, -40, 740, 210, -90, -120, -240, 650, 510, 130, -240, -170, -290, -150, 560, 430, 830, -150, -300, 180, 110, -240, -160, -240, -230, -180, -110, 880, -180, 610, 370, 340, 180, -180, 100, 420, 290, 960, -30, 420, 430, 290, 220, -160, 560]
*********************************************************************
A2C is the most effective algorithm with 2028.855 avg steps.
A2C is the most efficient algorithm with 34.842 avg reward/step.
