*********************************************************************
Starting Simulation Types: A2C, PPO, Defender2000, Random, Static
Simulations per Type:      200
Steps per Simulation:      5000
---------------------------------------------------------------------
Graph Name:                simple_webservice
Attack Name:               script_kiddies
Only Nodes:                True
Only Detection Systems:    False
Nodes Pause:               1
Detection Systems Pause:   1
*********************************************************************
Simulation Type:          A2C
Learning Time:            755.5 sec
---------------------------------------------------------------------
Avg steps:                5000.0
Avg reward/step:          37.531
Avg null action ratio:    [0.0, 1.0]
Avg invalid actions:      [0.0, 0.0]

Min steps:                5000
Max steps:                5000

Defender wins:            200
Attacker wins:            0

Steps each sim:           [5000, 5000, 5000, 5000, 5000, 5000, 5000, 5000, 5000, 5000, 5000, 5000, 5000, 5000, 5000, 5000, 5000, 5000, 5000, 5000, 5000, 5000, 5000, 5000, 5000, 5000, 5000, 5000, 5000, 5000, 5000, 5000, 5000, 5000, 5000, 5000, 5000, 5000, 5000, 5000, 5000, 5000, 5000, 5000, 5000, 5000, 5000, 5000, 5000, 5000, 5000, 5000, 5000, 5000, 5000, 5000, 5000, 5000, 5000, 5000, 5000, 5000, 5000, 5000, 5000, 5000, 5000, 5000, 5000, 5000, 5000, 5000, 5000, 5000, 5000, 5000, 5000, 5000, 5000, 5000, 5000, 5000, 5000, 5000, 5000, 5000, 5000, 5000, 5000, 5000, 5000, 5000, 5000, 5000, 5000, 5000, 5000, 5000, 5000, 5000, 5000, 5000, 5000, 5000, 5000, 5000, 5000, 5000, 5000, 5000, 5000, 5000, 5000, 5000, 5000, 5000, 5000, 5000, 5000, 5000, 5000, 5000, 5000, 5000, 5000, 5000, 5000, 5000, 5000, 5000, 5000, 5000, 5000, 5000, 5000, 5000, 5000, 5000, 5000, 5000, 5000, 5000, 5000, 5000, 5000, 5000, 5000, 5000, 5000, 5000, 5000, 5000, 5000, 5000, 5000, 5000, 5000, 5000, 5000, 5000, 5000, 5000, 5000, 5000, 5000, 5000, 5000, 5000, 5000, 5000, 5000, 5000, 5000, 5000, 5000, 5000, 5000, 5000, 5000, 5000, 5000, 5000, 5000, 5000, 5000, 5000, 5000, 5000, 5000, 5000, 5000, 5000, 5000, 5000, 5000, 5000, 5000, 5000, 5000, 5000]
Reward each sim:          [189150, 187700, 185950, 188100, 190950, 187100, 190750, 185650, 187600, 186250, 189000, 186400, 189950, 186950, 188250, 187700, 189350, 187050, 188850, 187500, 188150, 186650, 188700, 190600, 186900, 187400, 188100, 186200, 189850, 183850, 187000, 191250, 188550, 188500, 185900, 188500, 186200, 187750, 186250, 190000, 188150, 188200, 189300, 186550, 187700, 186150, 187050, 188700, 187700, 186650, 188400, 187800, 186650, 188500, 184950, 188500, 186300, 186800, 188050, 187900, 185700, 188250, 191400, 186350, 186500, 186900, 187250, 188800, 185250, 185200, 188500, 188800, 187950, 186300, 186850, 185300, 190800, 191050, 187800, 185550, 187450, 189550, 190250, 186450, 188550, 187500, 189600, 189100, 186250, 188000, 188950, 188200, 187200, 185300, 186600, 188350, 190050, 187200, 186500, 182550, 190700, 186500, 185350, 188600, 186150, 187500, 189900, 189000, 187700, 185350, 183800, 183250, 185100, 189400, 186700, 186900, 185900, 188900, 188200, 189850, 186700, 186550, 189150, 186900, 189050, 185500, 186900, 190250, 185850, 190700, 189050, 184450, 188400, 187050, 189100, 187750, 188250, 187700, 190250, 186750, 188150, 187950, 187500, 188850, 189150, 185950, 188950, 189700, 189500, 186300, 186900, 186450, 188700, 186750, 188350, 185600, 188650, 189050, 187150, 187200, 187600, 186750, 186150, 189100, 186200, 186200, 189250, 188600, 186700, 186500, 185400, 187600, 190950, 185100, 185900, 186250, 189350, 187250, 185250, 187100, 189400, 189050, 191000, 184950, 188200, 188600, 185400, 190750, 187100, 188000, 187050, 186450, 188250, 190200, 186350, 186750, 189850, 186750, 188200, 187250]
*********************************************************************
Simulation Type:          PPO
Learning Time:            1626.4 sec
---------------------------------------------------------------------
Avg steps:                5000.0
Avg reward/step:          37.503
Avg null action ratio:    [0.0, 1.0]
Avg invalid actions:      [0.0, 0.0]

Min steps:                5000
Max steps:                5000

Defender wins:            200
Attacker wins:            0

Steps each sim:           [5000, 5000, 5000, 5000, 5000, 5000, 5000, 5000, 5000, 5000, 5000, 5000, 5000, 5000, 5000, 5000, 5000, 5000, 5000, 5000, 5000, 5000, 5000, 5000, 5000, 5000, 5000, 5000, 5000, 5000, 5000, 5000, 5000, 5000, 5000, 5000, 5000, 5000, 5000, 5000, 5000, 5000, 5000, 5000, 5000, 5000, 5000, 5000, 5000, 5000, 5000, 5000, 5000, 5000, 5000, 5000, 5000, 5000, 5000, 5000, 5000, 5000, 5000, 5000, 5000, 5000, 5000, 5000, 5000, 5000, 5000, 5000, 5000, 5000, 5000, 5000, 5000, 5000, 5000, 5000, 5000, 5000, 5000, 5000, 5000, 5000, 5000, 5000, 5000, 5000, 5000, 5000, 5000, 5000, 5000, 5000, 5000, 5000, 5000, 5000, 5000, 5000, 5000, 5000, 5000, 5000, 5000, 5000, 5000, 5000, 5000, 5000, 5000, 5000, 5000, 5000, 5000, 5000, 5000, 5000, 5000, 5000, 5000, 5000, 5000, 5000, 5000, 5000, 5000, 5000, 5000, 5000, 5000, 5000, 5000, 5000, 5000, 5000, 5000, 5000, 5000, 5000, 5000, 5000, 5000, 5000, 5000, 5000, 5000, 5000, 5000, 5000, 5000, 5000, 5000, 5000, 5000, 5000, 5000, 5000, 5000, 5000, 5000, 5000, 5000, 5000, 5000, 5000, 5000, 5000, 5000, 5000, 5000, 5000, 5000, 5000, 5000, 5000, 5000, 5000, 5000, 5000, 5000, 5000, 5000, 5000, 5000, 5000, 5000, 5000, 5000, 5000, 5000, 5000, 5000, 5000, 5000, 5000, 5000, 5000]
Reward each sim:          [189050, 186800, 187000, 187650, 192350, 186100, 184950, 188450, 188350, 189950, 187450, 189050, 184250, 189100, 186700, 187550, 188100, 187350, 187600, 186750, 189750, 186400, 186050, 185205, 189350, 188200, 188000, 188350, 187800, 185700, 184650, 186150, 185200, 188800, 184700, 186900, 184450, 187450, 189150, 186750, 190800, 185800, 185500, 185200, 187850, 187800, 187050, 185650, 186400, 190400, 185600, 188600, 187150, 189050, 183600, 188800, 189350, 189350, 188200, 185900, 186350, 187250, 186350, 186950, 185750, 190150, 186650, 188900, 190050, 188500, 187100, 187950, 187750, 187100, 188600, 185250, 187700, 187550, 190550, 187050, 191600, 187500, 186400, 185900, 188900, 187550, 186800, 191700, 190050, 189850, 191005, 185750, 189750, 188900, 185300, 187100, 189750, 190900, 190150, 184950, 188150, 186600, 185200, 187800, 187400, 189650, 187350, 186850, 188850, 185550, 185500, 187700, 186400, 187950, 189450, 187550, 184250, 188650, 189550, 189650, 188350, 183400, 188500, 189050, 186200, 188100, 188100, 189000, 185350, 185400, 190450, 188150, 186550, 189200, 184555, 187150, 186950, 187600, 192000, 188000, 185700, 188700, 190400, 189050, 187800, 187800, 188800, 187800, 186500, 187650, 186500, 186350, 186250, 183900, 184900, 185450, 186750, 186900, 187200, 186900, 187200, 187200, 189050, 189250, 185100, 186500, 190450, 188050, 184650, 186650, 186550, 184500, 188750, 189700, 184050, 188100, 187200, 188750, 188300, 186450, 188500, 189900, 187550, 187350, 188300, 188250, 186950, 186100, 186150, 187000, 187500, 186800, 185250, 183800, 189900, 188500, 189000, 186500, 188100, 186400]
*********************************************************************
Simulation Type:          Defender2000
Learning Time:            0 sec
---------------------------------------------------------------------
Avg steps:                154.34
Avg reward/step:          29.451
Avg null action ratio:    [0.094, 1.0]
Avg invalid actions:      [0.0, 0.0]

Min steps:                7
Max steps:                657

Defender wins:            0
Attacker wins:            200

Steps each sim:           [71, 134, 317, 158, 201, 368, 111, 220, 71, 45, 16, 21, 162, 67, 101, 62, 112, 20, 99, 90, 7, 102, 164, 438, 291, 185, 199, 48, 52, 69, 304, 486, 70, 90, 88, 169, 391, 69, 170, 191, 263, 235, 180, 185, 80, 239, 44, 88, 239, 578, 145, 61, 137, 323, 38, 89, 168, 23, 248, 304, 271, 313, 92, 66, 50, 106, 238, 64, 74, 153, 206, 237, 55, 155, 141, 86, 10, 235, 249, 56, 154, 9, 20, 171, 65, 28, 50, 286, 323, 179, 39, 167, 169, 157, 151, 455, 310, 63, 282, 106, 17, 117, 268, 80, 272, 181, 74, 13, 54, 497, 327, 70, 25, 81, 93, 23, 120, 83, 533, 60, 181, 47, 60, 204, 86, 408, 75, 111, 420, 53, 74, 175, 28, 174, 58, 254, 9, 106, 225, 142, 44, 177, 266, 282, 230, 196, 196, 118, 76, 175, 272, 193, 99, 39, 149, 35, 106, 222, 125, 103, 86, 150, 180, 249, 17, 114, 193, 39, 232, 80, 261, 109, 23, 657, 288, 63, 88, 248, 132, 200, 38, 68, 126, 21, 125, 44, 240, 97, 35, 343, 108, 165, 23, 238, 255, 107, 236, 145, 213, 114]
Reward each sim:          [1920, 3735, 10500, 4640, 6055, 10820, 3290, 6835, 1775, 745, 135, 405, 4635, 1610, 2505, 1930, 3395, 410, 2690, 2780, -210, 2920, 4540, 13535, 8870, 5500, 5020, 970, 880, 2025, 9360, 14405, 2240, 2610, 2075, 5140, 12695, 1825, 4740, 5600, 8030, 7475, 5560, 5295, 2675, 7085, 1395, 2830, 6740, 17845, 4050, 1625, 4265, 9285, 850, 2445, 4390, 370, 7680, 10355, 7660, 8350, 2595, 1160, 1325, 3115, 6495, 1585, 1905, 5185, 6505, 6700, 1465, 4110, 4320, 2560, -140, 7510, 7625, 1610, 4800, -95, 355, 5590, 1585, 645, 1175, 8910, 10430, 4950, 855, 5385, 4965, 4915, 4645, 13905, 8760, 1795, 8225, 3090, 195, 2955, 8680, 2535, 8350, 5730, 1795, 25, 1850, 14560, 10570, 1880, 635, 2535, 3015, 225, 3885, 2505, 16690, 1725, 5700, 965, 1085, 5435, 2265, 13270, 2400, 2925, 13335, 975, 1755, 5355, 705, 5290, 1630, 7145, -200, 2520, 6640, 3655, 1290, 5585, 8535, 9015, 7740, 5785, 5840, 2945, 1770, 4720, 8055, 6255, 2660, 805, 4285, 425, 2935, 6485, 3495, 3070, 1995, 4505, 5925, 8130, -100, 3580, 5740, 850, 6310, 2195, 8310, 2755, 420, 21135, 8480, 1280, 2380, 7105, 4325, 6010, 1060, 2020, 3885, 410, 3805, 1390, 6815, 2920, 645, 9580, 3005, 4855, 280, 7260, 8350, 3075, 7410, 4245, 6255, 3285]
*********************************************************************
Simulation Type:          Random
Learning Time:            0 sec
---------------------------------------------------------------------
Avg steps:                73.56
Avg reward/step:          22.783
Avg null action ratio:    [0.126, 1.0]
Avg invalid actions:      [0.0, 0.0]

Min steps:                6
Max steps:                245

Defender wins:            0
Attacker wins:            200

Steps each sim:           [17, 99, 92, 80, 94, 73, 118, 150, 72, 17, 131, 63, 69, 7, 29, 114, 64, 28, 84, 45, 91, 37, 169, 97, 73, 170, 36, 25, 14, 60, 120, 92, 59, 41, 122, 14, 57, 110, 49, 90, 100, 30, 37, 30, 121, 43, 47, 48, 64, 55, 117, 49, 64, 58, 11, 193, 93, 113, 31, 93, 24, 38, 19, 44, 66, 24, 41, 121, 17, 26, 135, 47, 32, 77, 161, 74, 50, 152, 148, 13, 112, 93, 68, 23, 11, 141, 46, 42, 67, 37, 148, 140, 208, 67, 112, 45, 33, 69, 95, 48, 7, 85, 112, 41, 53, 19, 38, 32, 45, 96, 66, 124, 90, 66, 34, 34, 108, 20, 136, 42, 92, 50, 26, 43, 23, 52, 16, 130, 14, 40, 11, 189, 72, 87, 43, 50, 108, 123, 169, 32, 58, 245, 141, 59, 70, 9, 33, 58, 78, 35, 85, 6, 50, 43, 120, 110, 39, 32, 37, 30, 26, 98, 153, 67, 85, 61, 101, 133, 48, 181, 51, 26, 79, 51, 179, 91, 120, 35, 18, 33, 100, 57, 60, 39, 178, 137, 138, 24, 111, 13, 103, 31, 96, 99, 209, 133, 68, 41, 77, 123]
Reward each sim:          [-100, 2515, 2115, 1775, 1820, 1860, 3160, 3550, 1505, -10, 2930, 1300, 1895, -210, 165, 2930, 1870, 465, 2005, 930, 2270, 355, 4520, 2360, 1575, 4800, 560, 395, -30, 1515, 2930, 1820, 1275, 795, 2565, 25, 1730, 3200, 910, 2175, 2815, 665, 550, 710, 2945, 600, 1360, 1250, 1585, 1315, 2610, 975, 1230, 1295, -285, 4440, 2305, 2375, 430, 2135, 285, 605, -95, 900, 1495, 340, 480, 2210, -195, 255, 3280, 945, 550, 2025, 3960, 1860, 720, 4130, 4125, -335, 2525, 1915, 1760, 435, -335, 2545, 1045, 915, 1645, 360, 3915, 4120, 5400, 1270, 3220, 1060, 445, 1720, 2440, 1270, -310, 1285, 3100, 1070, 1340, 200, 500, 565, 905, 2580, 1315, 3010, 1835, 1540, 680, 540, 2910, 325, 3580, 940, 2610, 670, 105, 1000, 525, 930, -165, 3255, 70, 770, -185, 4880, 1575, 2055, 435, 1400, 2855, 3325, 4085, 675, 1870, 7150, 3210, 1415, 1835, -200, 330, 930, 1415, 1005, 1825, -310, 1135, 685, 2800, 2860, 625, 495, 905, 360, 235, 2255, 4050, 1475, 1665, 1485, 2650, 3945, 965, 5585, 685, 435, 1670, 955, 4680, 2075, 3070, 95, 190, -65, 2315, 1045, 1420, 1085, 4110, 3335, 2805, 190, 2450, 35, 3115, 665, 2425, 1760, 5745, 3155, 1720, 195, 2035, 3630]
*********************************************************************
Simulation Type:          Static
Learning Time:            0 sec
---------------------------------------------------------------------
Avg steps:                37.97
Avg reward/step:          18.454
Avg null action ratio:    [1.0, 1.0]
Avg invalid actions:      [0.0, 0.0]

Min steps:                6
Max steps:                81

Defender wins:            0
Attacker wins:            200

Steps each sim:           [35, 39, 13, 37, 20, 44, 44, 45, 47, 21, 13, 37, 75, 26, 29, 31, 20, 44, 18, 65, 62, 64, 31, 49, 30, 33, 34, 31, 34, 26, 24, 44, 16, 50, 25, 50, 65, 45, 29, 23, 63, 31, 62, 29, 29, 12, 45, 29, 57, 50, 19, 27, 57, 54, 51, 30, 42, 29, 46, 21, 49, 63, 60, 35, 23, 6, 20, 55, 37, 30, 69, 23, 42, 45, 43, 61, 47, 28, 42, 18, 18, 57, 55, 56, 50, 37, 9, 49, 37, 48, 27, 43, 67, 38, 48, 47, 65, 52, 29, 23, 31, 41, 41, 73, 41, 23, 32, 42, 16, 36, 17, 13, 42, 18, 81, 49, 51, 29, 68, 43, 62, 28, 46, 32, 9, 31, 45, 46, 34, 61, 39, 28, 36, 47, 38, 42, 10, 19, 62, 67, 34, 46, 35, 38, 54, 25, 53, 31, 25, 31, 47, 43, 37, 52, 48, 52, 35, 23, 21, 16, 52, 25, 31, 58, 16, 25, 17, 21, 20, 41, 61, 12, 7, 56, 55, 36, 46, 28, 43, 21, 29, 23, 56, 19, 28, 34, 35, 56, 51, 16, 29, 64, 26, 33, 39, 24, 44, 25, 46, 29]
Reward each sim:          [850, 840, 80, 570, 450, 890, 940, 600, 970, 410, 80, 720, 1900, 610, 890, 210, 250, 990, 180, 1150, 1070, 1690, 710, 940, 500, 630, 740, 510, 690, 360, -60, 1090, -40, 750, 500, 1200, 1550, 700, 640, 480, 830, 610, 1270, 390, 190, 20, 950, 240, 1270, 1150, 40, 470, 1320, 1440, 1010, 700, 1120, 290, 1060, 460, 790, 1430, 1250, -50, 130, -240, -150, 1100, 520, 350, 1590, 130, 870, 600, 780, 960, 1070, 680, 670, -120, -70, 1270, 1200, 1010, 1050, 970, -360, 1140, 620, 580, 220, 180, 1770, 580, 830, 1220, 1250, 1070, 440, 330, 510, 910, 660, 1530, 760, 430, 420, 820, -190, -40, -80, -220, 220, 230, 1810, 1240, 1260, 540, 1630, 580, 1520, 680, 1060, 820, -360, 760, 800, 1010, 1040, 1510, 840, 630, 660, 1170, 880, 570, 0, 140, 1320, 1620, 490, 1060, 550, 680, 1040, 400, 830, 910, 250, 760, 1120, 780, 270, 1370, 830, 1520, 750, 180, 210, -240, 1020, 300, 310, 1380, -140, 550, 320, 410, -150, 760, 1310, 70, -180, 860, 1000, 910, 1310, 280, 1230, 260, 640, 180, 1510, 240, 430, 740, 800, 1410, 1160, -40, 490, 1490, 410, 480, 740, 340, 890, 500, 1010, 740]
*********************************************************************
A2C is the most effective algorithm with 5000.0 avg steps.
A2C is the most efficient algorithm with 37.531 avg reward/step.
