*********************************************************************
Starting Simulation Types: A2C, PPO, Defender2000, Random, Static
Simulations per Type:      200
Steps per Simulation:      5000
---------------------------------------------------------------------
Graph Name:                simple_webservice
Attack Name:               professional
Only Nodes:                False
Only Prevention Systems:   False
Nodes Pause:               1
Prevention Systems Pause:  1
*********************************************************************
Simulation Type:          A2C
Learning Time:            747.4 sec
---------------------------------------------------------------------
Avg steps:                5000.0
Avg reward/step:          52.548
Avg null action ratio:    [0.0, 0.0]
Avg invalid actions:      [0.0, 0.0]

Min steps:                5000
Max steps:                5000

Defender wins:            200
Attacker wins:            0

Steps each sim:           [5000, 5000, 5000, 5000, 5000, 5000, 5000, 5000, 5000, 5000, 5000, 5000, 5000, 5000, 5000, 5000, 5000, 5000, 5000, 5000, 5000, 5000, 5000, 5000, 5000, 5000, 5000, 5000, 5000, 5000, 5000, 5000, 5000, 5000, 5000, 5000, 5000, 5000, 5000, 5000, 5000, 5000, 5000, 5000, 5000, 5000, 5000, 5000, 5000, 5000, 5000, 5000, 5000, 5000, 5000, 5000, 5000, 5000, 5000, 5000, 5000, 5000, 5000, 5000, 5000, 5000, 5000, 5000, 5000, 5000, 5000, 5000, 5000, 5000, 5000, 5000, 5000, 5000, 5000, 5000, 5000, 5000, 5000, 5000, 5000, 5000, 5000, 5000, 5000, 5000, 5000, 5000, 5000, 5000, 5000, 5000, 5000, 5000, 5000, 5000, 5000, 5000, 5000, 5000, 5000, 5000, 5000, 5000, 5000, 5000, 5000, 5000, 5000, 5000, 5000, 5000, 5000, 5000, 5000, 5000, 5000, 5000, 5000, 5000, 5000, 5000, 5000, 5000, 5000, 5000, 5000, 5000, 5000, 5000, 5000, 5000, 5000, 5000, 5000, 5000, 5000, 5000, 5000, 5000, 5000, 5000, 5000, 5000, 5000, 5000, 5000, 5000, 5000, 5000, 5000, 5000, 5000, 5000, 5000, 5000, 5000, 5000, 5000, 5000, 5000, 5000, 5000, 5000, 5000, 5000, 5000, 5000, 5000, 5000, 5000, 5000, 5000, 5000, 5000, 5000, 5000, 5000, 5000, 5000, 5000, 5000, 5000, 5000, 5000, 5000, 5000, 5000, 5000, 5000, 5000, 5000, 5000, 5000, 5000, 5000]
Reward each sim:          [262150, 262850, 262250, 262400, 262250, 262750, 262950, 263050, 262850, 262700, 262600, 262450, 262800, 262400, 262700, 262650, 262400, 262750, 262650, 262550, 263250, 263400, 263150, 262350, 262100, 263050, 262700, 262600, 262600, 262350, 262100, 262150, 262900, 262850, 261900, 263350, 262650, 263050, 262500, 262200, 263150, 263300, 262650, 262700, 262950, 263500, 263100, 263000, 262550, 262950, 263050, 262700, 263300, 262850, 263050, 263050, 262600, 263150, 262500, 262850, 262950, 262650, 263000, 262850, 262700, 262600, 262300, 263050, 263050, 263000, 262400, 262250, 263000, 262300, 262500, 263050, 262950, 262650, 262850, 262700, 262800, 262550, 262050, 262900, 262300, 262800, 262150, 263050, 262950, 262400, 262650, 262700, 263100, 262550, 262600, 262900, 262900, 263100, 263050, 262750, 262900, 262550, 262800, 262900, 262300, 263450, 263050, 262950, 262400, 262350, 263250, 262600, 262200, 262550, 263100, 262600, 262200, 263350, 263000, 263150, 262950, 262900, 262650, 262500, 263150, 262900, 263100, 263000, 262650, 263050, 263300, 262450, 263150, 262050, 262750, 262550, 262300, 262550, 262350, 262850, 262750, 262650, 262550, 262750, 262200, 263250, 262400, 262500, 262750, 263000, 263200, 263100, 263200, 263250, 262800, 262802, 262550, 262700, 262750, 263150, 262300, 262900, 262600, 262550, 262850, 262400, 262850, 262900, 262750, 262900, 262700, 262600, 263100, 263100, 262050, 262150, 262950, 262700, 262750, 262800, 262850, 262550, 262350, 263100, 262600, 262600, 262750, 262800, 262550, 262500, 262600, 263150, 262750, 262750, 263250, 262700, 262650, 262650, 262000, 262950]
*********************************************************************
Simulation Type:          PPO
Learning Time:            1494.6 sec
---------------------------------------------------------------------
Avg steps:                4981.195
Avg reward/step:          57.536
Avg null action ratio:    [0.999, 0.0]
Avg invalid actions:      [0.0, 0.0]

Min steps:                1239
Max steps:                5000

Defender wins:            199
Attacker wins:            1

Steps each sim:           [5000, 5000, 5000, 5000, 5000, 5000, 5000, 5000, 5000, 5000, 5000, 5000, 5000, 5000, 5000, 5000, 5000, 5000, 5000, 5000, 5000, 5000, 5000, 5000, 5000, 5000, 5000, 5000, 5000, 5000, 5000, 5000, 5000, 5000, 5000, 5000, 5000, 5000, 5000, 5000, 5000, 5000, 5000, 5000, 5000, 5000, 5000, 5000, 5000, 5000, 5000, 5000, 5000, 5000, 5000, 5000, 5000, 5000, 5000, 5000, 5000, 5000, 5000, 5000, 5000, 5000, 5000, 5000, 5000, 5000, 5000, 5000, 5000, 5000, 5000, 5000, 5000, 5000, 5000, 5000, 5000, 5000, 5000, 5000, 5000, 5000, 5000, 5000, 5000, 5000, 5000, 5000, 5000, 5000, 5000, 5000, 5000, 5000, 5000, 5000, 5000, 5000, 5000, 5000, 5000, 5000, 5000, 5000, 5000, 5000, 5000, 5000, 5000, 5000, 5000, 5000, 5000, 5000, 5000, 5000, 5000, 5000, 5000, 5000, 5000, 5000, 5000, 5000, 5000, 5000, 5000, 5000, 5000, 5000, 5000, 5000, 5000, 5000, 5000, 5000, 5000, 5000, 5000, 5000, 5000, 5000, 5000, 5000, 5000, 5000, 5000, 5000, 5000, 5000, 5000, 5000, 5000, 5000, 5000, 5000, 5000, 5000, 5000, 5000, 5000, 5000, 5000, 5000, 5000, 5000, 5000, 5000, 1239, 5000, 5000, 5000, 5000, 5000, 5000, 5000, 5000, 5000, 5000, 5000, 5000, 5000, 5000, 5000, 5000, 5000, 5000, 5000, 5000, 5000, 5000, 5000, 5000, 5000, 5000, 5000]
Reward each sim:          [287930, 287940, 287175, 287725, 287775, 287680, 287625, 287780, 287820, 288135, 287295, 287385, 287325, 287780, 287235, 287925, 287875, 287727, 288010, 287442, 288225, 287465, 287430, 286955, 286975, 287945, 286992, 288175, 287525, 287285, 288432, 287242, 288020, 288120, 287740, 287405, 287650, 288470, 286959, 287194, 287315, 288035, 287937, 287990, 287320, 287730, 287420, 287880, 287535, 287935, 287230, 286980, 287385, 287930, 287335, 287375, 287205, 287940, 287655, 287685, 287720, 287005, 288070, 287250, 287477, 287680, 287580, 287870, 288435, 287170, 287675, 287780, 287377, 288340, 288130, 288160, 286855, 287740, 287435, 287690, 287680, 287435, 288527, 288405, 287150, 287580, 287720, 288035, 287705, 288165, 287830, 287720, 288075, 287820, 287257, 287267, 287475, 287732, 288077, 287770, 288125, 287620, 287465, 287475, 287797, 287180, 287375, 287239, 288075, 288135, 288044, 287600, 287815, 287490, 287220, 287215, 287937, 287355, 286980, 288020, 287810, 287682, 287927, 287630, 287675, 288320, 287530, 288039, 287525, 287655, 287110, 287835, 287230, 287665, 287870, 287725, 288030, 287682, 287240, 287375, 288035, 287570, 287832, 287625, 288155, 287610, 287280, 287920, 288270, 287925, 287165, 287660, 287512, 286925, 288020, 287995, 287395, 287820, 287890, 287435, 287725, 287820, 287582, 287245, 287875, 288720, 287715, 287210, 287555, 287680, 288435, 287625, 70562, 287970, 287390, 287765, 287790, 288130, 287355, 287980, 287920, 287840, 287600, 287820, 287565, 287985, 288020, 287775, 287720, 287575, 287370, 287690, 288185, 287770, 287825, 287507, 288085, 287670, 287420, 287782]
*********************************************************************
Simulation Type:          Defender2000
Learning Time:            0 sec
---------------------------------------------------------------------
Avg steps:                172.435
Avg reward/step:          34.454
Avg null action ratio:    [0.099, 0.274]
Avg invalid actions:      [0.0, 0.0]

Min steps:                6
Max steps:                860

Defender wins:            0
Attacker wins:            200

Steps each sim:           [403, 177, 542, 106, 229, 105, 140, 7, 147, 433, 53, 454, 160, 747, 176, 60, 74, 74, 310, 530, 218, 227, 16, 686, 691, 462, 341, 173, 30, 67, 29, 59, 85, 13, 85, 13, 32, 155, 164, 34, 129, 537, 20, 257, 156, 160, 188, 127, 135, 35, 98, 22, 305, 16, 329, 39, 61, 261, 60, 487, 100, 95, 77, 7, 401, 144, 468, 270, 23, 12, 144, 78, 95, 149, 47, 60, 171, 40, 15, 206, 109, 52, 63, 721, 39, 169, 379, 61, 445, 10, 55, 82, 828, 20, 138, 93, 75, 27, 124, 376, 596, 8, 516, 171, 132, 501, 125, 319, 78, 147, 300, 219, 232, 331, 138, 26, 150, 307, 96, 66, 106, 84, 106, 104, 242, 24, 676, 29, 77, 136, 252, 66, 56, 6, 367, 52, 209, 136, 319, 410, 117, 45, 50, 197, 94, 56, 147, 81, 35, 312, 61, 138, 7, 151, 28, 55, 102, 860, 83, 62, 41, 47, 98, 109, 181, 81, 127, 32, 324, 68, 29, 244, 15, 286, 166, 279, 20, 68, 38, 181, 36, 113, 47, 40, 335, 314, 143, 491, 67, 164, 249, 85, 164, 131, 81, 210, 320, 7, 27, 36]
Reward each sim:          [15570, 6231, 19636, 3585, 8372, 3708, 4654, -373, 4318, 16176, 1565, 16850, 5070, 25655, 6150, 1793, 2040, 2501, 10866, 19226, 7246, 7892, 180, 25626, 24264, 16443, 12267, 5450, 477, 2250, 624, 2024, 2422, 0, 2230, 109, 873, 4566, 5855, 836, 4638, 19837, 282, 9841, 5191, 4913, 6078, 4228, 4481, 783, 3332, 332, 11189, 71, 12520, 953, 1963, 9592, 2124, 16911, 3158, 2884, 2557, -320, 14129, 4847, 16388, 9261, 349, 45, 5082, 2026, 2968, 5306, 1477, 1949, 5911, 1107, 63, 7518, 3708, 1520, 1741, 26344, 421, 5637, 13501, 1653, 16506, -105, 1511, 3030, 31529, 26, 4137, 2763, 2284, 608, 4281, 12705, 22114, -168, 18207, 6453, 4243, 17676, 3908, 11258, 2855, 5260, 10383, 7536, 7692, 12109, 4468, 309, 5005, 11672, 3348, 1708, 3624, 2916, 3910, 3692, 8421, 204, 25320, 822, 2275, 4526, 8855, 2249, 1489, -364, 12842, 1698, 7275, 4608, 11279, 15387, 4033, 944, 1325, 7034, 3178, 1657, 5075, 2711, 747, 11108, 1484, 4516, -218, 4914, 606, 1859, 3560, 31578, 2649, 1689, 1163, 1360, 3196, 3906, 5969, 2380, 4471, 543, 10523, 2272, 469, 8489, 59, 10447, 5705, 9738, 186, 2236, 759, 6327, 640, 3972, 1302, 1149, 12203, 11063, 5068, 17931, 2039, 5544, 9359, 2704, 6164, 4150, 2941, 6718, 11485, -267, 658, 692]
*********************************************************************
Simulation Type:          Random
Learning Time:            0 sec
---------------------------------------------------------------------
Avg steps:                123.06
Avg reward/step:          29.318
Avg null action ratio:    [0.129, 0.332]
Avg invalid actions:      [0.0, 0.0]

Min steps:                6
Max steps:                615

Defender wins:            0
Attacker wins:            200

Steps each sim:           [65, 105, 33, 114, 7, 144, 579, 152, 32, 185, 85, 62, 56, 47, 57, 91, 97, 54, 22, 52, 71, 12, 31, 244, 101, 196, 86, 64, 145, 36, 65, 34, 135, 109, 24, 78, 208, 311, 34, 124, 137, 139, 22, 32, 111, 86, 193, 213, 437, 89, 198, 76, 60, 162, 156, 222, 118, 70, 108, 615, 13, 49, 248, 148, 36, 62, 38, 390, 254, 224, 123, 162, 140, 192, 21, 77, 96, 296, 82, 32, 52, 283, 119, 191, 75, 94, 7, 111, 192, 259, 54, 307, 150, 7, 88, 65, 198, 186, 7, 29, 108, 38, 182, 16, 76, 70, 110, 35, 158, 22, 386, 14, 106, 41, 34, 25, 87, 150, 45, 103, 90, 60, 365, 16, 18, 33, 261, 14, 28, 47, 37, 213, 55, 107, 37, 139, 161, 303, 280, 63, 15, 127, 166, 234, 65, 192, 301, 34, 135, 121, 86, 250, 107, 10, 40, 63, 139, 95, 18, 270, 456, 20, 66, 57, 12, 284, 16, 114, 78, 43, 179, 465, 71, 353, 82, 116, 61, 136, 38, 30, 346, 88, 35, 176, 96, 191, 143, 172, 34, 530, 50, 31, 47, 111, 217, 46, 6, 266, 164, 37]
Reward each sim:          [1382, 2775, 849, 3228, -275, 3669, 19311, 4374, 552, 5513, 2650, 1992, 1490, 1178, 1069, 2737, 2726, 1528, 197, 1057, 2196, -145, 721, 7785, 2987, 6595, 2509, 1535, 4243, 811, 1922, 795, 3649, 3746, 154, 1842, 6791, 9440, 952, 3980, 4334, 4192, 252, 588, 2986, 2290, 6338, 6792, 14645, 2702, 6122, 2359, 1537, 5011, 4730, 6846, 3715, 1831, 2588, 20584, 21, 956, 9244, 4412, 662, 1918, 771, 12455, 7146, 7378, 4029, 5188, 4635, 5536, 399, 2195, 2461, 9222, 2789, 543, 1374, 8609, 3855, 6316, 2216, 2572, -220, 2591, 6348, 8394, 1348, 9766, 4351, -211, 2235, 1725, 7050, 5223, -220, 577, 3207, 513, 5544, 19, 1709, 1940, 2848, 704, 4837, 239, 13597, 5, 2337, 1256, 450, 214, 2672, 4479, 1107, 3844, 2712, 1716, 11453, 61, 267, 809, 7117, -28, 384, 1194, 376, 6729, 1299, 2580, 860, 4247, 4971, 9891, 7089, 2027, 6, 3944, 5003, 6522, 1528, 5207, 8851, 894, 3918, 3241, 2084, 7329, 3103, -64, 1113, 1295, 4316, 2000, 176, 7471, 13726, 291, 1838, 1744, -55, 7911, 180, 3669, 2148, 1279, 5159, 13485, 2149, 10421, 2243, 3618, 1514, 3246, 908, 335, 12031, 1818, 862, 5732, 2719, 6060, 4709, 6157, 541, 15812, 1309, 688, 1102, 3207, 7821, 1335, -269, 7130, 4468, 511]
*********************************************************************
Simulation Type:          Static
Learning Time:            0 sec
---------------------------------------------------------------------
Avg steps:                22.72
Avg reward/step:          8.173
Avg null action ratio:    [1.0, 1.0]
Avg invalid actions:      [0.0, 0.0]

Min steps:                5
Max steps:                83

Defender wins:            0
Attacker wins:            200

Steps each sim:           [9, 19, 27, 39, 27, 26, 22, 9, 48, 27, 22, 32, 24, 12, 27, 41, 15, 21, 15, 23, 9, 6, 8, 25, 23, 42, 26, 18, 41, 40, 11, 16, 32, 28, 24, 7, 7, 51, 36, 7, 21, 17, 21, 11, 6, 17, 18, 28, 24, 27, 28, 7, 39, 30, 48, 39, 27, 37, 25, 31, 24, 21, 47, 10, 7, 26, 25, 18, 14, 6, 11, 6, 31, 26, 51, 30, 22, 8, 18, 23, 8, 28, 29, 13, 17, 12, 25, 16, 25, 16, 7, 20, 10, 33, 9, 24, 31, 17, 21, 15, 10, 9, 31, 21, 16, 18, 38, 17, 16, 21, 25, 38, 25, 24, 25, 12, 31, 12, 7, 14, 16, 14, 8, 8, 19, 14, 22, 10, 66, 22, 34, 38, 16, 73, 60, 24, 18, 28, 19, 12, 19, 13, 26, 36, 7, 35, 8, 8, 8, 22, 13, 14, 22, 12, 21, 17, 54, 30, 12, 36, 38, 45, 40, 55, 5, 24, 6, 13, 32, 13, 29, 18, 14, 30, 16, 15, 9, 7, 28, 12, 6, 32, 33, 29, 30, 7, 30, 23, 21, 13, 40, 83, 14, 25, 6, 27, 11, 20, 35, 23]
Reward each sim:          [-210, 240, 670, 440, 470, 260, 220, -160, 830, 570, -180, 470, 90, -30, 20, 560, 50, 110, 50, 480, -160, -240, -170, 200, 80, 520, 410, -270, 810, 750, -40, -290, 620, 530, 190, -180, -230, 1060, 510, -230, 110, 170, -40, -90, -240, -30, -20, 180, 90, 520, 230, -230, 690, 400, 680, 690, 420, 670, 350, 560, 90, 160, 1020, -100, -180, 360, 650, -20, -160, -240, -40, -240, 610, 210, 1210, 550, 70, -170, 80, 430, -170, 180, 190, -270, 170, -180, 600, -90, 300, 60, -230, 50, -150, 330, -60, 340, 310, 220, -40, 50, -150, -110, 460, -190, -140, -120, 630, -30, -240, 310, 300, 530, 300, 590, 200, -280, 310, -330, -230, -210, -290, -260, -220, -170, 240, -210, 120, -150, 1060, 220, 40, 780, -190, 2180, 1300, 240, -70, 230, -360, -230, 290, -170, 410, 660, -180, 350, -170, -170, -270, -130, -20, 40, 20, -30, 210, -130, 1140, 350, -230, 660, 180, 650, 700, 1300, -300, 440, -240, -170, 470, -220, 440, 280, 140, 350, -140, -300, -110, -180, 480, -230, -240, 370, 280, 190, 250, -180, 700, 130, -40, -120, 700, 1480, -260, 600, -240, 470, -190, 300, 750, 330]
*********************************************************************
A2C is the most effective algorithm with 5000.0 avg steps.
PPO is the most efficient algorithm with 57.536 avg reward/step.
