*********************************************************************
Starting Simulation Types: A2C, PPO, Defender2000, Random, Static
Simulations per Type:      200
Steps per Simulation:      5000
---------------------------------------------------------------------
Graph Name:                simple_webservice
Attack Name:               professional
Only Nodes:                True
Only Detection Systems:    False
Nodes Pause:               1
Detection Systems Pause:   1
*********************************************************************
Simulation Type:          A2C
Learning Time:            unknown
---------------------------------------------------------------------
Avg steps:                5000.0
Avg reward/step:          20.091
Avg null action ratio:    [0.0, 1.0]
Avg invalid actions:      [0.0, 0.0]

Min steps:                5000
Max steps:                5000

Defender wins:            200
Attacker wins:            0

Steps each sim:           [5000, 5000, 5000, 5000, 5000, 5000, 5000, 5000, 5000, 5000, 5000, 5000, 5000, 5000, 5000, 5000, 5000, 5000, 5000, 5000, 5000, 5000, 5000, 5000, 5000, 5000, 5000, 5000, 5000, 5000, 5000, 5000, 5000, 5000, 5000, 5000, 5000, 5000, 5000, 5000, 5000, 5000, 5000, 5000, 5000, 5000, 5000, 5000, 5000, 5000, 5000, 5000, 5000, 5000, 5000, 5000, 5000, 5000, 5000, 5000, 5000, 5000, 5000, 5000, 5000, 5000, 5000, 5000, 5000, 5000, 5000, 5000, 5000, 5000, 5000, 5000, 5000, 5000, 5000, 5000, 5000, 5000, 5000, 5000, 5000, 5000, 5000, 5000, 5000, 5000, 5000, 5000, 5000, 5000, 5000, 5000, 5000, 5000, 5000, 5000, 5000, 5000, 5000, 5000, 5000, 5000, 5000, 5000, 5000, 5000, 5000, 5000, 5000, 5000, 5000, 5000, 5000, 5000, 5000, 5000, 5000, 5000, 5000, 5000, 5000, 5000, 5000, 5000, 5000, 5000, 5000, 5000, 5000, 5000, 5000, 5000, 5000, 5000, 5000, 5000, 5000, 5000, 5000, 5000, 5000, 5000, 5000, 5000, 5000, 5000, 5000, 5000, 5000, 5000, 5000, 5000, 5000, 5000, 5000, 5000, 5000, 5000, 5000, 5000, 5000, 5000, 5000, 5000, 5000, 5000, 5000, 5000, 5000, 5000, 5000, 5000, 5000, 5000, 5000, 5000, 5000, 5000, 5000, 5000, 5000, 5000, 5000, 5000, 5000, 5000, 5000, 5000, 5000, 5000, 5000, 5000, 5000, 5000, 5000, 5000]
Reward each sim:          [98550, 100700, 99850, 98050, 101600, 101300, 99600, 101600, 101200, 101150, 100350, 102050, 100400, 101550, 105850, 100050, 98900, 100350, 101800, 99800, 99300, 99050, 98200, 103450, 100250, 101550, 101000, 98700, 99600, 100950, 101000, 101250, 100000, 98850, 101800, 96550, 96800, 99750, 103450, 102300, 98200, 99850, 100850, 99900, 101000, 100650, 99450, 98250, 101850, 97600, 96550, 99750, 99800, 101500, 101950, 99400, 101500, 97150, 101650, 99900, 101100, 100900, 102100, 96600, 100050, 99900, 100700, 100450, 100200, 102600, 100250, 100550, 98200, 99450, 100250, 101650, 100200, 97350, 101100, 101350, 98950, 100050, 99350, 100350, 100800, 101000, 103700, 99850, 99850, 102200, 103750, 97650, 99600, 99750, 106100, 98750, 99350, 100350, 98450, 100900, 98150, 101300, 100300, 97950, 102700, 98950, 103300, 99400, 99500, 102450, 99800, 100900, 100750, 100950, 99350, 101700, 102000, 102200, 99550, 101200, 98500, 102900, 99400, 100500, 101100, 99900, 98300, 101400, 104550, 103200, 101550, 100300, 102400, 102850, 98550, 101750, 100050, 98300, 98850, 101650, 101200, 100950, 98600, 98050, 99550, 100850, 98350, 104100, 99350, 98450, 104600, 101100, 101400, 99600, 101800, 100350, 100250, 99600, 102200, 99950, 100150, 98850, 98700, 103500, 101250, 103650, 100000, 101800, 96450, 100750, 98900, 102500, 98250, 99650, 99550, 101250, 102950, 100550, 99500, 99450, 100050, 101200, 100900, 100400, 100550, 103700, 99600, 100900, 102500, 101300, 101050, 100350, 97750, 98650, 102200, 100500, 99700, 102200, 99550, 100800]
*********************************************************************
Simulation Type:          PPO
Learning Time:            unknown
---------------------------------------------------------------------
Avg steps:                4850.195
Avg reward/step:          20.114
Avg null action ratio:    [0.0, 1.0]
Avg invalid actions:      [0.0, 0.0]

Min steps:                380
Max steps:                5000

Defender wins:            187
Attacker wins:            13

Steps each sim:           [5000, 5000, 5000, 5000, 5000, 2461, 5000, 5000, 5000, 5000, 5000, 5000, 5000, 5000, 5000, 5000, 5000, 5000, 5000, 5000, 5000, 5000, 5000, 3222, 5000, 5000, 5000, 380, 5000, 5000, 5000, 5000, 5000, 5000, 5000, 5000, 5000, 5000, 5000, 5000, 5000, 5000, 5000, 5000, 5000, 5000, 5000, 5000, 5000, 5000, 5000, 5000, 5000, 5000, 5000, 5000, 5000, 5000, 5000, 5000, 5000, 5000, 1429, 5000, 5000, 5000, 5000, 5000, 5000, 5000, 5000, 5000, 5000, 5000, 5000, 5000, 5000, 5000, 5000, 5000, 5000, 5000, 5000, 5000, 5000, 5000, 5000, 5000, 5000, 5000, 5000, 5000, 660, 3841, 5000, 5000, 5000, 5000, 5000, 5000, 5000, 5000, 5000, 5000, 5000, 5000, 5000, 5000, 5000, 5000, 5000, 2384, 5000, 5000, 5000, 5000, 5000, 5000, 5000, 5000, 5000, 5000, 5000, 2918, 5000, 5000, 5000, 5000, 5000, 3310, 5000, 4854, 2767, 5000, 5000, 5000, 5000, 5000, 5000, 5000, 5000, 5000, 5000, 5000, 5000, 5000, 5000, 5000, 5000, 5000, 5000, 5000, 5000, 3540, 5000, 5000, 5000, 5000, 5000, 5000, 5000, 5000, 5000, 5000, 5000, 5000, 5000, 5000, 5000, 5000, 5000, 5000, 5000, 3273, 5000, 5000, 5000, 5000, 5000, 5000, 5000, 5000, 5000, 5000, 5000, 5000, 5000, 5000, 5000, 5000, 5000, 5000, 5000, 5000, 5000, 5000, 5000, 5000, 5000, 5000]
Reward each sim:          [101500, 99900, 99950, 98350, 100800, 50005, 100450, 100400, 97450, 100150, 99400, 102700, 99650, 99050, 99950, 101100, 100200, 101850, 101200, 100400, 98650, 102000, 103400, 64610, 99600, 99500, 101600, 7000, 100550, 99800, 100950, 100800, 101250, 100400, 98550, 100550, 102450, 100200, 96950, 101850, 100800, 103100, 101000, 102200, 103355, 103500, 98350, 96250, 99300, 97550, 101900, 98250, 101800, 103100, 102705, 98200, 98700, 99550, 101800, 98300, 101100, 102550, 28645, 101100, 101200, 100650, 99000, 101850, 103100, 97700, 102350, 100300, 99450, 103400, 101200, 100200, 101000, 102900, 97400, 99750, 100150, 101400, 102250, 102250, 96850, 100600, 99850, 101650, 100750, 102150, 99800, 99950, 12150, 78705, 100700, 98850, 101300, 97905, 99000, 101100, 99600, 98950, 100450, 100150, 100100, 103200, 100050, 103650, 97850, 99700, 100550, 50620, 101650, 100500, 100800, 100650, 104450, 102300, 104900, 101450, 100550, 101800, 100700, 57840, 100300, 101250, 98350, 100300, 98850, 66300, 102450, 97570, 55135, 100850, 100800, 100350, 98800, 99900, 98450, 102200, 100500, 100100, 98900, 102500, 101000, 99700, 102500, 101500, 98500, 101500, 99350, 100250, 100950, 68405, 99850, 100100, 101900, 101600, 98850, 101800, 99100, 98050, 99200, 101805, 99850, 100700, 101400, 97750, 98150, 100200, 99850, 100150, 100250, 64815, 104100, 99200, 103750, 102450, 100750, 102550, 100350, 99000, 101600, 98950, 101550, 100550, 100150, 99905, 102650, 103600, 100150, 103900, 101150, 103000, 99600, 100950, 99400, 100000, 99950, 100050]
*********************************************************************
Simulation Type:          Defender2000
Learning Time:            0 sec
---------------------------------------------------------------------
Avg steps:                37.66
Avg reward/step:          12.423
Avg null action ratio:    [0.079, 1.0]
Avg invalid actions:      [0.0, 0.0]

Min steps:                5
Max steps:                139

Defender wins:            0
Attacker wins:            200

Steps each sim:           [21, 27, 85, 7, 94, 17, 41, 63, 25, 14, 33, 47, 30, 28, 18, 20, 28, 48, 35, 12, 66, 58, 10, 119, 7, 104, 17, 81, 46, 53, 54, 67, 94, 33, 17, 24, 51, 18, 18, 9, 56, 31, 73, 17, 20, 27, 17, 91, 6, 27, 19, 39, 55, 5, 71, 40, 64, 7, 139, 32, 50, 6, 50, 31, 23, 14, 30, 47, 35, 27, 57, 70, 15, 12, 73, 15, 81, 14, 20, 6, 84, 65, 29, 35, 63, 18, 26, 18, 22, 55, 111, 39, 37, 97, 55, 30, 46, 22, 22, 39, 45, 61, 74, 6, 28, 10, 22, 39, 97, 62, 29, 37, 36, 77, 41, 55, 23, 6, 21, 25, 58, 70, 9, 15, 30, 63, 53, 35, 73, 54, 6, 34, 61, 31, 69, 59, 87, 47, 14, 12, 45, 13, 7, 28, 73, 65, 44, 61, 8, 43, 7, 11, 32, 41, 42, 57, 17, 8, 26, 24, 46, 26, 45, 23, 24, 7, 13, 40, 73, 58, 49, 16, 39, 55, 9, 7, 13, 57, 55, 29, 24, 12, 19, 39, 18, 17, 29, 10, 16, 39, 6, 47, 37, 8, 22, 32, 7, 16, 24, 36]
Reward each sim:          [415, 350, 1495, -265, 1575, -5, 565, 805, 195, -270, 170, 250, -40, 195, 0, 0, 150, 850, 450, -285, 855, 800, -145, 3100, -260, 1960, 105, 1440, 790, 1090, 500, 1070, 1635, 165, 95, 80, 1020, -110, 95, -145, 1260, 10, 1440, 140, 220, -190, 240, 1590, -270, 450, -200, 775, 1030, -320, 1390, 600, 1700, -215, 2700, 470, 810, -265, 725, 625, 70, -220, -40, 840, 790, -255, 1015, 1070, -115, -285, 1350, -370, 1140, -220, 210, -270, 1955, 1290, 205, 490, 955, -100, 135, -180, -30, 735, 2705, 900, 400, 1705, 595, 455, 585, -175, -130, 420, 890, 925, 700, -270, 545, -295, 115, 520, 2080, 825, 160, 205, 190, 915, 560, 400, -120, -265, 10, 140, 910, 765, -100, -220, 210, 1380, 690, 480, 890, 995, -265, 645, 1285, 660, 1120, 1215, 1415, 1010, -230, -190, 435, -180, -260, 0, 1240, 1050, 590, 1005, -310, 870, -255, -295, 520, 265, 725, 1050, 190, -160, 385, 125, 945, 550, 935, 280, 375, -260, -275, 715, 945, 670, 915, 135, 315, 1145, -200, -215, -385, 920, 1150, 350, 90, -130, 260, 555, 200, -115, 455, -195, 130, 350, -265, 505, 700, -205, 130, 565, -205, 90, 280, 400]
*********************************************************************
Simulation Type:          Random
Learning Time:            0 sec
---------------------------------------------------------------------
Avg steps:                27.42
Avg reward/step:          7.217
Avg null action ratio:    [0.128, 1.0]
Avg invalid actions:      [0.0, 0.0]

Min steps:                5
Max steps:                94

Defender wins:            0
Attacker wins:            200

Steps each sim:           [7, 74, 14, 9, 45, 23, 29, 13, 46, 17, 14, 20, 75, 94, 28, 31, 18, 15, 34, 51, 18, 15, 25, 34, 30, 27, 71, 7, 47, 9, 20, 25, 64, 90, 18, 6, 24, 15, 9, 66, 19, 11, 7, 21, 32, 34, 31, 57, 32, 20, 14, 20, 72, 42, 29, 46, 70, 11, 15, 11, 10, 6, 16, 10, 13, 24, 21, 39, 35, 20, 23, 25, 56, 15, 18, 36, 54, 33, 18, 40, 46, 36, 48, 16, 34, 22, 28, 27, 30, 39, 9, 8, 8, 39, 51, 21, 10, 25, 11, 21, 19, 7, 11, 32, 18, 11, 37, 32, 14, 10, 8, 8, 15, 34, 16, 38, 44, 40, 24, 26, 67, 11, 11, 7, 14, 5, 32, 63, 61, 10, 6, 34, 15, 9, 14, 36, 81, 71, 7, 18, 6, 7, 24, 32, 26, 27, 34, 16, 18, 7, 13, 48, 36, 27, 27, 50, 15, 39, 38, 21, 6, 19, 17, 26, 18, 6, 24, 29, 41, 59, 59, 33, 12, 39, 36, 7, 9, 6, 5, 32, 27, 48, 72, 12, 8, 7, 30, 41, 37, 31, 10, 34, 19, 19, 5, 31, 45, 38, 22, 26]
Reward each sim:          [-205, 980, -230, -200, 550, 330, 370, -230, 215, -115, 135, 125, 1395, 2065, 365, 35, 195, -320, 190, 1110, 90, -310, 35, 20, 375, 460, 1245, -260, 620, -150, 210, 265, 780, 1290, 250, -265, 240, -70, -255, 1075, -50, -140, -260, 415, -265, 550, 315, 855, 520, -30, 75, -130, 1300, 730, 510, 370, 1195, -235, -15, -235, -190, -270, -205, -145, -370, 80, -185, 230, 350, 65, -25, -120, 905, 35, 220, 495, 895, 445, -260, 820, 690, 455, 935, 190, 200, 30, -150, -100, 465, 165, -245, -150, -210, 360, 690, -230, -400, 105, -240, 75, 260, -260, -85, 375, -155, -280, 565, 395, 80, -195, -305, -185, -10, 365, 135, 510, 670, 825, 30, 405, 865, -280, -290, -215, -70, -325, 325, 890, 950, -200, -315, 440, 30, -300, -305, 475, 990, 1310, -215, -50, -265, -260, 35, 365, -60, 440, 495, 145, 5, -265, -325, 825, 405, 460, 100, 630, 80, 400, 580, -295, -270, 5, 90, 140, -250, -260, 140, 365, 395, 945, 515, 125, -140, 570, 595, -365, -145, -265, -325, 385, 340, 625, 1150, -235, -205, -260, -90, 265, 565, 175, -325, 110, -150, 205, -320, 490, 630, 505, 280, -55]
*********************************************************************
Simulation Type:          Static
Learning Time:            0 sec
---------------------------------------------------------------------
Avg steps:                21.745
Avg reward/step:          6.585
Avg null action ratio:    [1.0, 1.0]
Avg invalid actions:      [0.0, 0.0]

Min steps:                6
Max steps:                94

Defender wins:            0
Attacker wins:            200

Steps each sim:           [16, 25, 27, 22, 13, 20, 13, 26, 19, 8, 25, 8, 35, 14, 28, 48, 17, 15, 22, 20, 57, 18, 18, 51, 17, 7, 17, 33, 9, 94, 6, 18, 7, 25, 7, 38, 49, 28, 12, 7, 26, 9, 26, 16, 23, 29, 25, 35, 9, 45, 12, 17, 12, 7, 18, 32, 20, 7, 18, 14, 26, 17, 32, 16, 14, 7, 12, 7, 43, 27, 10, 34, 16, 17, 22, 16, 16, 21, 10, 11, 27, 20, 13, 30, 9, 29, 31, 21, 23, 31, 23, 13, 14, 31, 25, 12, 13, 28, 35, 36, 20, 28, 29, 17, 12, 40, 25, 13, 15, 26, 15, 31, 30, 11, 6, 60, 18, 51, 45, 43, 7, 11, 32, 25, 25, 13, 25, 15, 19, 17, 16, 44, 10, 7, 10, 29, 15, 25, 29, 32, 34, 19, 25, 8, 18, 22, 6, 7, 9, 38, 49, 63, 9, 18, 19, 23, 19, 18, 12, 23, 10, 36, 16, 19, 27, 20, 11, 23, 17, 13, 38, 6, 37, 40, 6, 27, 26, 25, 9, 24, 20, 32, 9, 7, 6, 48, 11, 33, 6, 54, 7, 13, 34, 9, 15, 18, 6, 9, 9, 16]
Reward each sim:          [-140, -50, 270, 220, -220, 50, -170, 460, -260, -120, 450, -220, 200, -10, 380, 980, -230, -200, 170, 350, 870, -270, 130, 1060, -180, -230, -330, 780, -210, 2240, -240, 330, -180, 0, -180, 630, 940, 530, -130, -230, 160, -110, 160, -240, 230, 590, 250, 600, -160, 1050, -330, -80, -230, -180, 230, 820, 0, -230, 80, -260, 210, -230, 770, -40, -160, -230, -330, -180, 1030, 120, -250, 290, 60, 270, 320, 60, -340, 110, -300, -240, 470, 0, -220, 450, -110, 590, 360, 110, -170, 360, 280, -170, -60, 160, 50, 20, 80, 330, 500, 660, -100, 380, 140, 20, -30, 650, 100, -220, 100, 210, -300, 360, 150, -290, -240, 1000, 30, 910, 1100, 680, -180, -40, 520, 400, 50, -220, 300, 50, -260, -180, 260, 440, -100, -180, -100, 240, -300, 100, 590, 720, -10, -110, 50, -120, 180, 270, -240, -180, -160, 580, 640, 1430, -110, 80, 140, 280, 90, 330, -180, -170, -300, 310, -190, 240, 370, 50, -190, 180, 20, -70, 580, -240, 570, 900, -240, 270, 210, 500, -210, 240, 400, 620, -160, -180, -240, 530, -40, 580, -240, 1190, -230, -270, 90, -110, 200, 80, -240, -160, -160, 210]
*********************************************************************
A2C is the most effective algorithm with 5000.0 avg steps.
PPO is the most efficient algorithm with 20.114 avg reward/step.
