*********************************************************************
Starting Simulation Types: A2C, PPO, Random, Defender2000, Static
Simulations per Type:      100
Steps per Simulation:      1000
*********************************************************************
Simulation Type:          A2C
--------------------------------------------------------------------
Avg steps:                800.9
Avg reward/step:          25.953
Avg null action ratio:    0.0

Min steps:                4
Max steps:                1000

Defender wins:            65
Attacker wins:            35

Steps each sim:           [719, 822, 1000, 820, 1000, 652, 1000, 548, 1000, 1000, 453, 4, 72, 1000, 1000, 1000, 1000, 13, 878, 712, 495, 1000, 535, 345, 1000, 1000, 191, 6, 1000, 1000, 1000, 1000, 1000, 72, 64, 352, 1000, 884, 1000, 1000, 474, 1000, 1000, 1000, 1000, 1000, 1000, 1000, 1000, 1000, 1000, 1000, 1000, 1000, 1000, 1000, 1000, 1000, 366, 1000, 1000, 956, 264, 1000, 232, 1000, 1000, 1000, 159, 722, 310, 1000, 1000, 1000, 1000, 1000, 795, 377, 1000, 105, 1000, 1000, 1000, 36, 1000, 1000, 1000, 1000, 1000, 524, 270, 1000, 1000, 1000, 1000, 1000, 863, 1000, 1000, 1000]
Reward each sim:          [18386, 21012, 26218, 20785, 26097, 16551, 25895, 13897, 25794, 26372, 11756, -95, 1681, 26225, 25762, 26239, 26137, 144, 22285, 18324, 12620, 26338, 13519, 8663, 26281, 25923, 4758, -51, 25894, 25943, 25904, 26050, 25822, 1689, 1421, 8971, 25888, 22512, 26065, 26586, 12267, 26082, 26106, 26157, 26296, 26192, 26337, 25744, 25993, 26282, 26367, 25989, 26117, 26285, 26084, 25921, 26231, 26267, 9321, 25841, 25714, 24793, 6702, 26031, 5772, 25917, 26085, 25775, 4070, 18545, 7775, 26224, 26240, 26052, 26460, 25979, 20175, 9336, 26007, 2529, 26021, 26553, 26168, 541, 26257, 26508, 25915, 25889, 25574, 13234, 6777, 26520, 25781, 26450, 25907, 25929, 22163, 26061, 25977, 26043]
*********************************************************************
Simulation Type:          PPO
--------------------------------------------------------------------
Avg steps:                810.27
Avg reward/step:          25.96
Avg null action ratio:    0.0

Min steps:                9
Max steps:                1000

Defender wins:            67
Attacker wins:            33

Steps each sim:           [213, 865, 1000, 1000, 1000, 1000, 1000, 1000, 1000, 1000, 1000, 1000, 1000, 1000, 1000, 567, 1000, 859, 1000, 1000, 1000, 1000, 1000, 1000, 1000, 1000, 1000, 1000, 1000, 1000, 1000, 907, 364, 9, 1000, 1000, 1000, 377, 1000, 1000, 1000, 548, 1000, 192, 1000, 890, 1000, 1000, 692, 56, 1000, 422, 1000, 1000, 67, 1000, 657, 1000, 1000, 1000, 437, 1000, 374, 1000, 1000, 751, 84, 1000, 1000, 910, 1000, 1000, 1000, 141, 485, 216, 505, 1000, 90, 1000, 1000, 1000, 1000, 1000, 371, 599, 1000, 1000, 1000, 12, 212, 190, 450, 1000, 1000, 1000, 515, 1000, 1000, 1000]
Reward each sim:          [5244, 22367, 26088, 26184, 26509, 26056, 26255, 26054, 26397, 25602, 26111, 26241, 26088, 26548, 26076, 14412, 26009, 22318, 26026, 25936, 25811, 25697, 26030, 26180, 26332, 26196, 26414, 26363, 25891, 26096, 25998, 23679, 9056, -34, 26387, 25987, 26140, 9584, 25519, 26238, 26222, 13747, 25997, 4769, 26167, 22864, 26366, 26294, 17865, 1092, 25446, 10857, 26097, 26062, 1585, 25615, 16124, 26081, 25772, 26096, 11111, 26067, 9325, 25768, 26100, 19035, 2021, 25925, 25859, 23023, 25944, 26002, 26060, 3449, 12581, 5440, 12802, 26029, 2094, 25785, 26294, 26193, 26045, 26206, 9052, 15230, 25688, 26346, 26191, 88, 5508, 4832, 11508, 26156, 26551, 26256, 13396, 25981, 26245, 26102]
*********************************************************************
Simulation Type:          Random
--------------------------------------------------------------------
Avg steps:                827.3
Avg reward/step:          25.936
Avg null action ratio:    0.0

Min steps:                36
Max steps:                1000

Defender wins:            68
Attacker wins:            32

Steps each sim:           [199, 307, 1000, 847, 1000, 1000, 979, 222, 1000, 1000, 1000, 1000, 1000, 1000, 1000, 1000, 1000, 108, 376, 761, 282, 1000, 1000, 1000, 1000, 271, 183, 1000, 1000, 173, 1000, 1000, 1000, 1000, 1000, 1000, 1000, 106, 1000, 1000, 1000, 1000, 1000, 1000, 1000, 588, 597, 1000, 963, 1000, 1000, 1000, 576, 1000, 1000, 395, 1000, 1000, 248, 847, 232, 1000, 1000, 1000, 1000, 1000, 120, 1000, 664, 1000, 1000, 1000, 1000, 1000, 1000, 1000, 967, 1000, 36, 629, 1000, 1000, 1000, 1000, 1000, 391, 1000, 1000, 1000, 438, 513, 535, 1000, 231, 1000, 1000, 946, 1000, 1000, 1000]
Reward each sim:          [4958, 7701, 26181, 21817, 26201, 26286, 25506, 5515, 26271, 26259, 26111, 26315, 26170, 25854, 26319, 25554, 26178, 2516, 9533, 19614, 6836, 26198, 26257, 26264, 26170, 6856, 4452, 25246, 26096, 4272, 25786, 25651, 25848, 26482, 26030, 25697, 25998, 2626, 26358, 26005, 25420, 25953, 25922, 26043, 25654, 14939, 15156, 26070, 24786, 25623, 25684, 26423, 14831, 26198, 25800, 10035, 25993, 25927, 5913, 21393, 5711, 26114, 26156, 26569, 26356, 26455, 2906, 26067, 17218, 26463, 25795, 26364, 26198, 26437, 25397, 26114, 24858, 25738, 714, 16230, 26082, 25970, 26063, 25995, 25974, 9919, 26309, 25941, 25990, 11246, 12854, 13893, 26041, 5778, 26223, 25823, 23990, 25657, 26176, 26176]
*********************************************************************
Simulation Type:          Defender2000
--------------------------------------------------------------------
Avg steps:                117.23
Avg reward/step:          27.075
Avg null action ratio:    0.0

Min steps:                4
Max steps:                995

Defender wins:            0
Attacker wins:            100

Steps each sim:           [341, 211, 29, 68, 4, 180, 46, 49, 12, 5, 48, 32, 22, 41, 4, 4, 22, 5, 161, 6, 16, 4, 4, 4, 95, 68, 194, 4, 4, 4, 4, 995, 62, 88, 4, 210, 446, 4, 4, 24, 220, 4, 4, 84, 472, 4, 58, 4, 46, 74, 207, 563, 108, 57, 14, 459, 10, 545, 4, 4, 173, 54, 62, 239, 297, 17, 32, 240, 226, 235, 4, 189, 477, 261, 38, 49, 20, 58, 585, 280, 27, 4, 166, 208, 4, 46, 233, 4, 54, 37, 32, 29, 48, 484, 4, 33, 261, 12, 28, 4]
Reward each sim:          [9894, 5930, 588, 1711, -82, 5057, 1184, 1156, 129, -47, 1129, 720, 376, 913, -80, -80, 461, -45, 4436, -12, 288, -82, -80, -89, 2474, 1730, 5544, -80, -80, -80, -80, 28606, 1533, 2384, -80, 5869, 12647, -80, -87, 498, 5861, -82, -89, 2148, 13365, -84, 1258, -84, 973, 1916, 5676, 16209, 2862, 1317, 126, 13116, 96, 15625, -80, -80, 4810, 1313, 1549, 6567, 8174, 267, 739, 6688, 6334, 6644, -80, 5172, 13636, 7549, 881, 1253, 381, 1416, 16549, 7744, 627, -84, 4624, 5874, -87, 1148, 6501, -80, 1383, 924, 677, 655, 1174, 13781, -80, 778, 7224, 91, 623, -80]
*********************************************************************
Simulation Type:          Static
--------------------------------------------------------------------
Avg steps:                4.29
Avg reward/step:          -17.401
Avg null action ratio:    0.0

Min steps:                4
Max steps:                10

Defender wins:            0
Attacker wins:            100

Steps each sim:           [10, 8, 4, 4, 8, 4, 4, 4, 4, 4, 4, 4, 4, 4, 5, 10, 4, 4, 4, 4, 4, 4, 4, 8, 4, 4, 4, 4, 4, 4, 4, 4, 4, 4, 4, 4, 4, 4, 4, 4, 4, 4, 4, 4, 4, 4, 4, 4, 4, 4, 8, 4, 4, 4, 4, 4, 4, 4, 4, 4, 4, 4, 4, 4, 4, 4, 4, 4, 4, 4, 4, 4, 4, 4, 4, 4, 4, 4, 4, 4, 4, 4, 4, 4, 4, 4, 4, 4, 4, 4, 4, 4, 4, 4, 4, 4, 4, 4, 4, 4]
Reward each sim:          [40, -15, -80, -80, -15, -80, -80, -80, -80, -80, -80, -80, -80, -80, -45, 40, -80, -80, -80, -80, -80, -80, -80, -15, -80, -80, -80, -80, -80, -80, -80, -80, -80, -80, -80, -80, -80, -80, -80, -80, -80, -80, -80, -80, -80, -80, -80, -80, -80, -80, -15, -80, -80, -80, -80, -80, -80, -80, -80, -80, -80, -80, -80, -80, -80, -80, -80, -80, -80, -80, -80, -80, -80, -80, -80, -80, -80, -80, -80, -80, -80, -80, -80, -80, -80, -80, -80, -80, -80, -80, -80, -80, -80, -80, -80, -80, -80, -80, -80, -80]
*********************************************************************
Random is the most effective algorithm with 827.3 avg steps.
Defender2000 is the most efficient algorithm with 27.075 avg reward/step.
