*********************************************************************
Starting Simulation Types: A2C, PPO, Random, Defender2000, Static
Simulations per Type:      100
Steps per Simulation:      5000
*********************************************************************
Simulation Type:          A2C
--------------------------------------------------------------------
Avg steps:                5000.0
Avg reward/step:          7.795
Avg null action ratio:    0.0

Min steps:                5000
Max steps:                5000

Defender wins:            100
Attacker wins:            0

Steps each sim:           [5000, 5000, 5000, 5000, 5000, 5000, 5000, 5000, 5000, 5000, 5000, 5000, 5000, 5000, 5000, 5000, 5000, 5000, 5000, 5000, 5000, 5000, 5000, 5000, 5000, 5000, 5000, 5000, 5000, 5000, 5000, 5000, 5000, 5000, 5000, 5000, 5000, 5000, 5000, 5000, 5000, 5000, 5000, 5000, 5000, 5000, 5000, 5000, 5000, 5000, 5000, 5000, 5000, 5000, 5000, 5000, 5000, 5000, 5000, 5000, 5000, 5000, 5000, 5000, 5000, 5000, 5000, 5000, 5000, 5000, 5000, 5000, 5000, 5000, 5000, 5000, 5000, 5000, 5000, 5000, 5000, 5000, 5000, 5000, 5000, 5000, 5000, 5000, 5000, 5000, 5000, 5000, 5000, 5000, 5000, 5000, 5000, 5000, 5000, 5000]
Reward each sim:          [39090, 38817, 38900, 38742, 39190, 39000, 39075, 38830, 38980, 38840, 39085, 39040, 38905, 39154, 39310, 38935, 39045, 39065, 39115, 38915, 39005, 38760, 38655, 38910, 39092, 38910, 38940, 38920, 38870, 39077, 39209, 39271, 39085, 39115, 38975, 38797, 38860, 38855, 38870, 38870, 39029, 39055, 38735, 39095, 39130, 39161, 39085, 39085, 38694, 39055, 38850, 39002, 39045, 38875, 39110, 38932, 38925, 39112, 39062, 39110, 39072, 39010, 39185, 38965, 39092, 39085, 38897, 38645, 39027, 38837, 39115, 38625, 38700, 38775, 39180, 38805, 39150, 38945, 38820, 38897, 38987, 38917, 39040, 38845, 38677, 38905, 38900, 39167, 38930, 38955, 38995, 38965, 39010, 39210, 39000, 39007, 38731, 38827, 39127, 39100]
*********************************************************************
Simulation Type:          PPO
--------------------------------------------------------------------
Avg steps:                5000.0
Avg reward/step:          7.805
Avg null action ratio:    0.0

Min steps:                5000
Max steps:                5000

Defender wins:            100
Attacker wins:            0

Steps each sim:           [5000, 5000, 5000, 5000, 5000, 5000, 5000, 5000, 5000, 5000, 5000, 5000, 5000, 5000, 5000, 5000, 5000, 5000, 5000, 5000, 5000, 5000, 5000, 5000, 5000, 5000, 5000, 5000, 5000, 5000, 5000, 5000, 5000, 5000, 5000, 5000, 5000, 5000, 5000, 5000, 5000, 5000, 5000, 5000, 5000, 5000, 5000, 5000, 5000, 5000, 5000, 5000, 5000, 5000, 5000, 5000, 5000, 5000, 5000, 5000, 5000, 5000, 5000, 5000, 5000, 5000, 5000, 5000, 5000, 5000, 5000, 5000, 5000, 5000, 5000, 5000, 5000, 5000, 5000, 5000, 5000, 5000, 5000, 5000, 5000, 5000, 5000, 5000, 5000, 5000, 5000, 5000, 5000, 5000, 5000, 5000, 5000, 5000, 5000, 5000]
Reward each sim:          [39170, 38985, 39115, 39065, 38965, 39150, 39025, 39005, 39055, 39150, 38920, 38995, 38872, 38970, 39105, 39120, 38985, 38845, 38945, 39105, 39310, 39200, 39105, 38890, 38790, 39125, 38975, 38905, 38950, 38995, 38995, 38820, 39035, 39220, 39090, 39105, 39047, 39040, 38990, 39015, 39075, 38870, 39235, 38947, 39110, 39275, 39025, 38970, 39170, 38730, 39100, 38880, 39085, 39125, 39045, 38835, 38765, 39045, 38985, 38695, 38990, 38990, 38875, 39235, 39095, 39050, 38985, 38750, 38785, 38795, 38965, 39095, 39055, 39180, 38630, 38990, 39190, 39130, 38695, 39020, 39140, 39250, 39005, 39055, 39120, 38980, 39045, 39210, 39080, 39145, 39220, 39100, 39325, 38865, 39025, 38925, 39010, 38920, 39230, 39025]
*********************************************************************
Simulation Type:          Random
--------------------------------------------------------------------
Avg steps:                2262.21
Avg reward/step:          -0.161
Avg null action ratio:    0.042

Min steps:                4
Max steps:                5000

Defender wins:            20
Attacker wins:            80

Steps each sim:           [5000, 5000, 1133, 741, 5000, 2507, 3385, 1006, 1594, 5000, 1110, 453, 5000, 22, 738, 1168, 747, 1480, 1661, 1061, 917, 148, 5000, 1313, 1117, 2401, 1616, 4, 5000, 1044, 6, 1114, 2423, 1865, 1775, 255, 2831, 385, 3882, 2587, 3477, 5000, 2167, 5000, 136, 118, 5000, 4445, 5000, 391, 226, 537, 5000, 782, 5000, 2544, 5000, 1128, 3483, 3050, 3115, 4902, 3610, 5000, 299, 5000, 999, 5000, 2005, 2429, 3108, 878, 2628, 184, 3189, 2546, 165, 584, 2404, 1282, 1550, 2015, 4810, 5000, 689, 1162, 2029, 4, 1535, 1626, 1126, 112, 4578, 1930, 1089, 159, 11, 5000, 496, 5000]
Reward each sim:          [-687, -810, -206, -147, 133, -470, -1156, -290, -832, -378, -540, -341, -2196, -236, -517, -318, -487, -952, -1537, -303, 140, -251, -547, -1253, -111, -411, -611, -236, 1013, -536, -236, 337, -354, -520, -122, -186, 341, -54, -239, -752, 772, -895, 107, 552, -308, -149, 761, -507, 210, -612, -56, -45, -1331, -185, 1155, -829, 1464, 40, -702, -2824, 279, -1477, -279, -1717, -211, 1812, 65, -130, -335, 859, -1892, -670, -1854, -341, 121, 125, -450, -384, 633, -1023, -956, -525, 437, -468, -392, -93, -728, -241, -809, -1370, -145, -111, -1454, -1102, -43, -269, -267, 464, -258, -974]
*********************************************************************
Simulation Type:          Defender2000
--------------------------------------------------------------------
Avg steps:                3569.71
Avg reward/step:          2.544
Avg null action ratio:    0.189

Min steps:                5
Max steps:                5000

Defender wins:            45
Attacker wins:            55

Steps each sim:           [3631, 4206, 3307, 3664, 4146, 4393, 1982, 4406, 5000, 3684, 5000, 1900, 3340, 5, 1051, 5000, 5000, 5000, 5000, 985, 3827, 3009, 275, 5000, 5000, 5000, 927, 5000, 5000, 2622, 4155, 4198, 3536, 5000, 1278, 4211, 5000, 733, 5000, 1155, 5000, 4626, 2218, 5000, 5000, 5000, 69, 954, 23, 2675, 5000, 2580, 5000, 5000, 1652, 1366, 2060, 5000, 1022, 5000, 5000, 5000, 5000, 5000, 3742, 5000, 5000, 109, 2380, 742, 1749, 5000, 5000, 389, 2915, 5000, 3071, 785, 5000, 3777, 5000, 2959, 3433, 5000, 5000, 5000, 5000, 5000, 5000, 2306, 1308, 5000, 5000, 1298, 3629, 4577, 5000, 5000, 2931, 5000]
Reward each sim:          [8997, 10020, 8110, 9426, 10571, 11031, 5138, 11822, 13014, 8828, 13063, 3979, 8266, -226, 2349, 12668, 12907, 12172, 12961, 2117, 9759, 7178, 489, 13029, 12346, 12097, 2255, 13075, 13473, 6861, 10585, 10199, 8364, 13317, 3049, 9844, 12836, 1556, 12418, 2996, 13526, 11491, 4707, 13480, 11958, 12919, 12, 2111, -248, 7009, 13205, 5794, 12928, 12453, 3937, 3228, 5449, 13185, 2335, 13748, 13194, 13018, 13382, 12427, 9871, 13082, 13932, -100, 5033, 1587, 4548, 12812, 12838, 812, 7067, 13640, 7590, 2050, 13281, 9685, 12627, 7061, 8890, 13480, 13059, 13111, 12554, 13710, 13641, 5206, 2869, 12976, 13304, 2816, 9116, 11532, 12888, 13044, 6867, 13486]
*********************************************************************
Simulation Type:          Static
--------------------------------------------------------------------
Avg steps:                4.57
Avg reward/step:          -50.142
Avg null action ratio:    1.0

Min steps:                4
Max steps:                33

Defender wins:            0
Attacker wins:            100

Steps each sim:           [33, 8, 4, 4, 4, 4, 4, 4, 4, 4, 6, 4, 4, 4, 4, 4, 4, 4, 4, 7, 4, 4, 8, 4, 4, 4, 4, 4, 4, 4, 4, 4, 4, 4, 4, 4, 4, 4, 4, 4, 4, 4, 7, 4, 8, 4, 4, 4, 4, 4, 4, 4, 4, 4, 4, 4, 4, 4, 4, 8, 4, 4, 4, 4, 4, 4, 4, 4, 4, 4, 4, 8, 4, 4, 4, 4, 4, 4, 4, 4, 4, 4, 4, 4, 4, 4, 4, 4, 4, 4, 4, 4, 4, 4, 4, 4, 4, 4, 4, 4]
Reward each sim:          [-575, -315, -220, -220, -220, -220, -220, -220, -220, -220, -225, -220, -220, -220, -220, -220, -220, -220, -220, -260, -220, -220, -315, -220, -220, -220, -220, -220, -220, -220, -220, -220, -220, -220, -220, -220, -220, -220, -220, -220, -220, -220, -260, -220, -315, -220, -220, -220, -220, -220, -220, -220, -220, -220, -220, -220, -220, -220, -220, -315, -220, -220, -220, -220, -220, -220, -220, -220, -220, -220, -220, -315, -220, -220, -220, -220, -220, -220, -220, -220, -220, -220, -220, -220, -220, -220, -220, -220, -220, -220, -220, -220, -220, -220, -220, -220, -220, -220, -220, -220]
*********************************************************************
A2C is the most effective algorithm with 5000.0 avg steps.
PPO is the most efficient algorithm with 7.805 avg reward/step.
