*********************************************************************
Starting Simulation Types: A2C, PPO, Random, Defender2000, Static
Simulations per Type:      1000
Steps per Simulation:      5000
*********************************************************************
Simulation Type:          A2C
--------------------------------------------------------------------
Avg steps:                5000.0
Avg reward/step:          7.594
Avg null action ratio:    0.0

Min steps:                5000
Max steps:                5000

Defender wins:            1000
Attacker wins:            0

Steps each sim:           [5000, 5000, 5000, 5000, 5000, 5000, 5000, 5000, 5000, 5000, 5000, 5000, 5000, 5000, 5000, 5000, 5000, 5000, 5000, 5000, 5000, 5000, 5000, 5000, 5000, 5000, 5000, 5000, 5000, 5000, 5000, 5000, 5000, 5000, 5000, 5000, 5000, 5000, 5000, 5000, 5000, 5000, 5000, 5000, 5000, 5000, 5000, 5000, 5000, 5000, 5000, 5000, 5000, 5000, 5000, 5000, 5000, 5000, 5000, 5000, 5000, 5000, 5000, 5000, 5000, 5000, 5000, 5000, 5000, 5000, 5000, 5000, 5000, 5000, 5000, 5000, 5000, 5000, 5000, 5000, 5000, 5000, 5000, 5000, 5000, 5000, 5000, 5000, 5000, 5000, 5000, 5000, 5000, 5000, 5000, 5000, 5000, 5000, 5000, 5000, 5000, 5000, 5000, 5000, 5000, 5000, 5000, 5000, 5000, 5000, 5000, 5000, 5000, 5000, 5000, 5000, 5000, 5000, 5000, 5000, 5000, 5000, 5000, 5000, 5000, 5000, 5000, 5000, 5000, 5000, 5000, 5000, 5000, 5000, 5000, 5000, 5000, 5000, 5000, 5000, 5000, 5000, 5000, 5000, 5000, 5000, 5000, 5000, 5000, 5000, 5000, 5000, 5000, 5000, 5000, 5000, 5000, 5000, 5000, 5000, 5000, 5000, 5000, 5000, 5000, 5000, 5000, 5000, 5000, 5000, 5000, 5000, 5000, 5000, 5000, 5000, 5000, 5000, 5000, 5000, 5000, 5000, 5000, 5000, 5000, 5000, 5000, 5000, 5000, 5000, 5000, 5000, 5000, 5000, 5000, 5000, 5000, 5000, 5000, 5000, 5000, 5000, 5000, 5000, 5000, 5000, 5000, 5000, 5000, 5000, 5000, 5000, 5000, 5000, 5000, 5000, 5000, 5000, 5000, 5000, 5000, 5000, 5000, 5000, 5000, 5000, 5000, 5000, 5000, 5000, 5000, 5000, 5000, 5000, 5000, 5000, 5000, 5000, 5000, 5000, 5000, 5000, 5000, 5000, 5000, 5000, 5000, 5000, 5000, 5000, 5000, 5000, 5000, 5000, 5000, 5000, 5000, 5000, 5000, 5000, 5000, 5000, 5000, 5000, 5000, 5000, 5000, 5000, 5000, 5000, 5000, 5000, 5000, 5000, 5000, 5000, 5000, 5000, 5000, 5000, 5000, 5000, 5000, 5000, 5000, 5000, 5000, 5000, 5000, 5000, 5000, 5000, 5000, 5000, 5000, 5000, 5000, 5000, 5000, 5000, 5000, 5000, 5000, 5000, 5000, 5000, 5000, 5000, 5000, 5000, 5000, 5000, 5000, 5000, 5000, 5000, 5000, 5000, 5000, 5000, 5000, 5000, 5000, 5000, 5000, 5000, 5000, 5000, 5000, 5000, 5000, 5000, 5000, 5000, 5000, 5000, 5000, 5000, 5000, 5000, 5000, 5000, 5000, 5000, 5000, 5000, 5000, 5000, 5000, 5000, 5000, 5000, 5000, 5000, 5000, 5000, 5000, 5000, 5000, 5000, 5000, 5000, 5000, 5000, 5000, 5000, 5000, 5000, 5000, 5000, 5000, 5000, 5000, 5000, 5000, 5000, 5000, 5000, 5000, 5000, 5000, 5000, 5000, 5000, 5000, 5000, 5000, 5000, 5000, 5000, 5000, 5000, 5000, 5000, 5000, 5000, 5000, 5000, 5000, 5000, 5000, 5000, 5000, 5000, 5000, 5000, 5000, 5000, 5000, 5000, 5000, 5000, 5000, 5000, 5000, 5000, 5000, 5000, 5000, 5000, 5000, 5000, 5000, 5000, 5000, 5000, 5000, 5000, 5000, 5000, 5000, 5000, 5000, 5000, 5000, 5000, 5000, 5000, 5000, 5000, 5000, 5000, 5000, 5000, 5000, 5000, 5000, 5000, 5000, 5000, 5000, 5000, 5000, 5000, 5000, 5000, 5000, 5000, 5000, 5000, 5000, 5000, 5000, 5000, 5000, 5000, 5000, 5000, 5000, 5000, 5000, 5000, 5000, 5000, 5000, 5000, 5000, 5000, 5000, 5000, 5000, 5000, 5000, 5000, 5000, 5000, 5000, 5000, 5000, 5000, 5000, 5000, 5000, 5000, 5000, 5000, 5000, 5000, 5000, 5000, 5000, 5000, 5000, 5000, 5000, 5000, 5000, 5000, 5000, 5000, 5000, 5000, 5000, 5000, 5000, 5000, 5000, 5000, 5000, 5000, 5000, 5000, 5000, 5000, 5000, 5000, 5000, 5000, 5000, 5000, 5000, 5000, 5000, 5000, 5000, 5000, 5000, 5000, 5000, 5000, 5000, 5000, 5000, 5000, 5000, 5000, 5000, 5000, 5000, 5000, 5000, 5000, 5000, 5000, 5000, 5000, 5000, 5000, 5000, 5000, 5000, 5000, 5000, 5000, 5000, 5000, 5000, 5000, 5000, 5000, 5000, 5000, 5000, 5000, 5000, 5000, 5000, 5000, 5000, 5000, 5000, 5000, 5000, 5000, 5000, 5000, 5000, 5000, 5000, 5000, 5000, 5000, 5000, 5000, 5000, 5000, 5000, 5000, 5000, 5000, 5000, 5000, 5000, 5000, 5000, 5000, 5000, 5000, 5000, 5000, 5000, 5000, 5000, 5000, 5000, 5000, 5000, 5000, 5000, 5000, 5000, 5000, 5000, 5000, 5000, 5000, 5000, 5000, 5000, 5000, 5000, 5000, 5000, 5000, 5000, 5000, 5000, 5000, 5000, 5000, 5000, 5000, 5000, 5000, 5000, 5000, 5000, 5000, 5000, 5000, 5000, 5000, 5000, 5000, 5000, 5000, 5000, 5000, 5000, 5000, 5000, 5000, 5000, 5000, 5000, 5000, 5000, 5000, 5000, 5000, 5000, 5000, 5000, 5000, 5000, 5000, 5000, 5000, 5000, 5000, 5000, 5000, 5000, 5000, 5000, 5000, 5000, 5000, 5000, 5000, 5000, 5000, 5000, 5000, 5000, 5000, 5000, 5000, 5000, 5000, 5000, 5000, 5000, 5000, 5000, 5000, 5000, 5000, 5000, 5000, 5000, 5000, 5000, 5000, 5000, 5000, 5000, 5000, 5000, 5000, 5000, 5000, 5000, 5000, 5000, 5000, 5000, 5000, 5000, 5000, 5000, 5000, 5000, 5000, 5000, 5000, 5000, 5000, 5000, 5000, 5000, 5000, 5000, 5000, 5000, 5000, 5000, 5000, 5000, 5000, 5000, 5000, 5000, 5000, 5000, 5000, 5000, 5000, 5000, 5000, 5000, 5000, 5000, 5000, 5000, 5000, 5000, 5000, 5000, 5000, 5000, 5000, 5000, 5000, 5000, 5000, 5000, 5000, 5000, 5000, 5000, 5000, 5000, 5000, 5000, 5000, 5000, 5000, 5000, 5000, 5000, 5000, 5000, 5000, 5000, 5000, 5000, 5000, 5000, 5000, 5000, 5000, 5000, 5000, 5000, 5000, 5000, 5000, 5000, 5000, 5000, 5000, 5000, 5000, 5000, 5000, 5000, 5000, 5000, 5000, 5000, 5000, 5000, 5000, 5000, 5000, 5000, 5000, 5000, 5000, 5000, 5000, 5000, 5000, 5000, 5000, 5000, 5000, 5000, 5000, 5000, 5000, 5000, 5000, 5000, 5000, 5000, 5000, 5000, 5000, 5000, 5000, 5000, 5000, 5000, 5000, 5000, 5000, 5000, 5000, 5000, 5000, 5000, 5000, 5000, 5000, 5000, 5000, 5000, 5000, 5000, 5000, 5000, 5000, 5000, 5000, 5000, 5000, 5000, 5000, 5000, 5000, 5000, 5000, 5000, 5000, 5000, 5000, 5000, 5000, 5000, 5000, 5000, 5000, 5000, 5000, 5000, 5000, 5000, 5000, 5000, 5000, 5000, 5000, 5000, 5000, 5000, 5000, 5000, 5000, 5000, 5000, 5000, 5000, 5000, 5000, 5000, 5000, 5000, 5000, 5000, 5000, 5000, 5000, 5000, 5000, 5000, 5000, 5000, 5000, 5000, 5000, 5000, 5000, 5000, 5000, 5000, 5000, 5000, 5000, 5000, 5000, 5000, 5000, 5000, 5000, 5000, 5000, 5000, 5000, 5000, 5000, 5000, 5000, 5000, 5000, 5000, 5000, 5000, 5000, 5000, 5000, 5000, 5000, 5000, 5000, 5000, 5000, 5000, 5000, 5000, 5000, 5000, 5000, 5000, 5000, 5000, 5000, 5000, 5000, 5000, 5000, 5000, 5000, 5000, 5000, 5000, 5000, 5000, 5000, 5000, 5000, 5000, 5000, 5000, 5000, 5000, 5000, 5000, 5000]
Reward each sim:          [38222, 38100, 37824, 38010, 37632, 38065, 37717, 38090, 38352, 38050, 37967, 37695, 37585, 37972, 37650, 37809, 38015, 37636, 38205, 37760, 38020, 38215, 37917, 38032, 37580, 37799, 38142, 38029, 38130, 37812, 38195, 38077, 37902, 37737, 38030, 38170, 38090, 38307, 37679, 38202, 38135, 37880, 38094, 38220, 37590, 38290, 37805, 38075, 37937, 37810, 37830, 37612, 38405, 37712, 37772, 37602, 38290, 38135, 38012, 37705, 37717, 38350, 38087, 37975, 37990, 37725, 37752, 38387, 37832, 37612, 38045, 37605, 38120, 37925, 38067, 37905, 38115, 37810, 38110, 38165, 38240, 37880, 37640, 37957, 37882, 38170, 38025, 38374, 38235, 37842, 38154, 37550, 38035, 38300, 37390, 38442, 38205, 37839, 37940, 37890, 37577, 37710, 37845, 37955, 38127, 38030, 38180, 38095, 37677, 37896, 38320, 37915, 38135, 38040, 37665, 37905, 37700, 38112, 38215, 37610, 37885, 38015, 37475, 37990, 38007, 37740, 38237, 38132, 37900, 37842, 37787, 38050, 37994, 37950, 37985, 37910, 37725, 37757, 37860, 37952, 38166, 37867, 38319, 38052, 38535, 38115, 37890, 37864, 38075, 37880, 38272, 38159, 38630, 37810, 37982, 38130, 37965, 38080, 37967, 37722, 37930, 38235, 37964, 38017, 37570, 38145, 37935, 37910, 37962, 37882, 37887, 38170, 38235, 38335, 37850, 38405, 38266, 37950, 37884, 37730, 37525, 38072, 37742, 38204, 37460, 37785, 38247, 37722, 37760, 38065, 37545, 38395, 37887, 37507, 38135, 38257, 37890, 37960, 38054, 38250, 38290, 37584, 38100, 38015, 38134, 38107, 38165, 37939, 37727, 38055, 37902, 37490, 37672, 38050, 37907, 38162, 38235, 37927, 38155, 38025, 38385, 37785, 38340, 38200, 38035, 38187, 37900, 38260, 38097, 38295, 37864, 37985, 37617, 38217, 37527, 37585, 38140, 37645, 38025, 37965, 37920, 38097, 37960, 38185, 37907, 38380, 38050, 37767, 38085, 37980, 38195, 37715, 37980, 37720, 37940, 37852, 37952, 37680, 37922, 38147, 38235, 37810, 38310, 37675, 37885, 37339, 37805, 37805, 37817, 37805, 37650, 37830, 37650, 37920, 38020, 38065, 38090, 37595, 38112, 37700, 38015, 38032, 37975, 37777, 37839, 38182, 37844, 37792, 38355, 38162, 38040, 37920, 37856, 38060, 37990, 38000, 37835, 38105, 37960, 38335, 37960, 37914, 38272, 38085, 38477, 38085, 37970, 38115, 38585, 38035, 37902, 38080, 37920, 37907, 38105, 38012, 37710, 38150, 37745, 37975, 38215, 38117, 38005, 38072, 37847, 37979, 37910, 38107, 38267, 38245, 37887, 38105, 37672, 38305, 37875, 37945, 38042, 37980, 38220, 38005, 37907, 37814, 38235, 37630, 38247, 37897, 37582, 37817, 38205, 38360, 38250, 37795, 38070, 37772, 38122, 38100, 38065, 37845, 37975, 38177, 38030, 38235, 38022, 38165, 37970, 37810, 37907, 38160, 38322, 38282, 38317, 37950, 38130, 37810, 38232, 37870, 37877, 37995, 38112, 37995, 38072, 37722, 37785, 37972, 38100, 38150, 38092, 37860, 37980, 37700, 38030, 38194, 38365, 38405, 37935, 37580, 37852, 38100, 37887, 38100, 38380, 37915, 38255, 38422, 37582, 37770, 38085, 38100, 38297, 38155, 37864, 37705, 37822, 37949, 38030, 38275, 37845, 38335, 38157, 37845, 37740, 37900, 38120, 38297, 37487, 37695, 37800, 37752, 37950, 38187, 37700, 38337, 38144, 38330, 37945, 38207, 38169, 37935, 38290, 38182, 37992, 37870, 37965, 37765, 37887, 37600, 37867, 38025, 38030, 37457, 37675, 37942, 37477, 37985, 37937, 37505, 37732, 38270, 38240, 37772, 37802, 37555, 38190, 37812, 37892, 37787, 37850, 37854, 38065, 37857, 38000, 38217, 37730, 38422, 37899, 37980, 37922, 38260, 38430, 38317, 37602, 37870, 37930, 38251, 37960, 37655, 37705, 37990, 37905, 37852, 38040, 37252, 37330, 37714, 37802, 38215, 38160, 37696, 37579, 37614, 37945, 38010, 37785, 38097, 37922, 38040, 37897, 38360, 38275, 37545, 38017, 38020, 37985, 37929, 38429, 37724, 37690, 37522, 37687, 38074, 38044, 37757, 37917, 38222, 37977, 37692, 37670, 38042, 37925, 38380, 37997, 38060, 37840, 38412, 38017, 38230, 38259, 37967, 38210, 38020, 37495, 37470, 37690, 37575, 38290, 38169, 38460, 37465, 37730, 38142, 38007, 37870, 38049, 38095, 37975, 38225, 38220, 38195, 38017, 38277, 37530, 38012, 38215, 37847, 38050, 37964, 37990, 37652, 38130, 37809, 38052, 37827, 38157, 38060, 37810, 37730, 38139, 38060, 37677, 37965, 37950, 37934, 37660, 37840, 38100, 38117, 37682, 38397, 37957, 37930, 38185, 37927, 37680, 37820, 37992, 37769, 38044, 37887, 38082, 38145, 38062, 38035, 37710, 37912, 38179, 37884, 38260, 38002, 37775, 38365, 37887, 38190, 37645, 37765, 38080, 37890, 37885, 37655, 37617, 37434, 37860, 38177, 37777, 37615, 38125, 37689, 37775, 37842, 37924, 38000, 38480, 38182, 38227, 37910, 38130, 37815, 37965, 37807, 38040, 37557, 38034, 37877, 38000, 38175, 38159, 37927, 38007, 37962, 38427, 38212, 38115, 38125, 37635, 37770, 38327, 37970, 37590, 37564, 38105, 37825, 37712, 37675, 37829, 37780, 37947, 37615, 37807, 38342, 37350, 37450, 38205, 38100, 37552, 38195, 37915, 37850, 37700, 37595, 38320, 37686, 38120, 38137, 38302, 38247, 38190, 37600, 38234, 37855, 38007, 37410, 37642, 38325, 37929, 37817, 37980, 37920, 38040, 38095, 37697, 38295, 38042, 38030, 37572, 37502, 37585, 38230, 37845, 38265, 37632, 37860, 37975, 37785, 37947, 37812, 38250, 38320, 37477, 38082, 37762, 37935, 37665, 38156, 37665, 37755, 38110, 37682, 37710, 38325, 37837, 37672, 37860, 37641, 38062, 38172, 37895, 38325, 38170, 37985, 38455, 37845, 37940, 38280, 37882, 37745, 38055, 37915, 37657, 38215, 37930, 37890, 38100, 37805, 37972, 38145, 38090, 37955, 37995, 37574, 38022, 38437, 38155, 37985, 37995, 37590, 38065, 37992, 37792, 37982, 38005, 37950, 37739, 38082, 38420, 38044, 38077, 38122, 38040, 38227, 37840, 38172, 37697, 37869, 38067, 38202, 38105, 37847, 38265, 37292, 37637, 37825, 38092, 37980, 38140, 38400, 38070, 37522, 37959, 38140, 37785, 37835, 38007, 38037, 38150, 37785, 37770, 38290, 37805, 38130, 37360, 38024, 37839, 38165, 37875, 38211, 37952, 37959, 37985, 38320, 37542, 38092, 38210, 37970, 38040, 38255, 37895, 38100, 37990, 37854, 37730, 37592, 38020, 37765, 38012, 38075, 37760, 37935, 37905, 37827, 37890, 38020, 37787, 38210, 38165, 38527, 37925, 38365, 37971, 38067, 37900, 37867, 38315, 38195, 38220, 37965, 38210, 38022, 38187, 38355, 38250, 38280, 38385, 38167, 38005, 38172, 37792, 38045, 37995, 38365, 38045, 38084, 38435, 37715, 38085, 38480, 38307, 38177, 38020, 37962, 38130, 37945, 37950, 37835, 37810, 37937, 38035, 37552, 38080, 38272, 37910, 38120, 37720, 37825, 37712, 38122, 38105, 38129, 37820, 38265, 37970, 37760, 37550, 38272, 38125, 37750, 37550, 37697, 37600, 38050, 37945, 38055, 38060, 38285, 38085, 38015, 38245, 37920, 38222, 38515, 37590, 38020, 38052, 38120, 38454, 37910, 37925, 37897, 38232, 38120, 38085, 38045, 37850, 37835, 38005, 38112, 38030, 37587, 37500, 38100, 37965, 38077, 37877, 37655, 37980, 38000, 37875, 37397, 38067, 37755, 37922, 38015, 38340, 37665, 37921, 37810, 37622, 38355, 38077, 37797, 38022, 38235, 38047, 38140, 38392, 37700, 38076, 37650, 37675, 37512, 38230, 37610, 38127, 38345, 37440, 38302, 37690, 38181, 38187, 37895, 37760, 37517, 37900, 37904, 37870, 38075, 37812, 37997, 38225, 37955, 37852, 37902, 38030, 37917, 37680, 38020, 38025, 37922, 37965, 37825, 38112, 38280]
*********************************************************************
Simulation Type:          PPO
--------------------------------------------------------------------
Avg steps:                4976.324
Avg reward/step:          7.669
Avg null action ratio:    0.0

Min steps:                870
Max steps:                5000

Defender wins:            991
Attacker wins:            9

Steps each sim:           [5000, 5000, 5000, 5000, 5000, 5000, 5000, 5000, 5000, 5000, 5000, 5000, 5000, 5000, 5000, 5000, 5000, 5000, 5000, 5000, 5000, 5000, 5000, 5000, 5000, 5000, 5000, 5000, 5000, 5000, 5000, 5000, 5000, 5000, 5000, 5000, 5000, 5000, 5000, 5000, 5000, 5000, 5000, 5000, 5000, 5000, 5000, 5000, 5000, 5000, 5000, 5000, 5000, 5000, 5000, 5000, 5000, 5000, 5000, 5000, 5000, 5000, 5000, 5000, 5000, 3814, 5000, 5000, 5000, 5000, 5000, 5000, 5000, 5000, 5000, 5000, 5000, 5000, 5000, 5000, 5000, 5000, 5000, 5000, 5000, 5000, 5000, 5000, 5000, 5000, 5000, 5000, 5000, 5000, 5000, 5000, 5000, 5000, 5000, 5000, 5000, 5000, 5000, 5000, 5000, 5000, 5000, 5000, 5000, 1805, 5000, 5000, 5000, 5000, 5000, 5000, 5000, 5000, 5000, 5000, 5000, 5000, 5000, 5000, 5000, 5000, 5000, 5000, 5000, 5000, 5000, 5000, 5000, 5000, 5000, 5000, 5000, 5000, 5000, 5000, 3335, 5000, 5000, 5000, 5000, 5000, 5000, 5000, 5000, 5000, 5000, 5000, 5000, 5000, 5000, 5000, 5000, 5000, 5000, 5000, 5000, 5000, 5000, 5000, 5000, 5000, 5000, 5000, 5000, 5000, 5000, 5000, 5000, 5000, 5000, 5000, 5000, 5000, 5000, 5000, 5000, 5000, 5000, 5000, 5000, 5000, 5000, 5000, 5000, 5000, 5000, 5000, 5000, 5000, 5000, 5000, 5000, 5000, 5000, 5000, 5000, 5000, 870, 5000, 5000, 5000, 5000, 5000, 5000, 5000, 5000, 5000, 5000, 5000, 5000, 5000, 5000, 5000, 5000, 5000, 5000, 5000, 5000, 5000, 5000, 5000, 5000, 5000, 5000, 5000, 5000, 5000, 5000, 5000, 5000, 5000, 5000, 5000, 5000, 5000, 5000, 5000, 5000, 5000, 5000, 5000, 5000, 5000, 5000, 5000, 5000, 5000, 5000, 5000, 5000, 5000, 5000, 5000, 5000, 5000, 5000, 5000, 5000, 5000, 5000, 5000, 5000, 5000, 5000, 5000, 5000, 5000, 5000, 5000, 5000, 5000, 5000, 5000, 5000, 5000, 5000, 5000, 5000, 5000, 5000, 5000, 5000, 5000, 5000, 5000, 2151, 5000, 5000, 5000, 5000, 5000, 5000, 5000, 5000, 5000, 5000, 5000, 5000, 5000, 5000, 5000, 5000, 5000, 5000, 5000, 5000, 5000, 5000, 5000, 5000, 5000, 5000, 5000, 5000, 5000, 5000, 5000, 5000, 5000, 5000, 5000, 5000, 5000, 5000, 5000, 5000, 5000, 5000, 5000, 5000, 5000, 5000, 5000, 5000, 5000, 5000, 5000, 5000, 5000, 5000, 5000, 5000, 5000, 5000, 5000, 5000, 5000, 5000, 5000, 5000, 5000, 5000, 5000, 5000, 5000, 5000, 5000, 5000, 5000, 5000, 5000, 5000, 5000, 5000, 5000, 5000, 5000, 5000, 5000, 5000, 5000, 5000, 5000, 5000, 5000, 5000, 5000, 5000, 5000, 5000, 5000, 5000, 5000, 5000, 5000, 5000, 5000, 5000, 5000, 925, 5000, 5000, 5000, 5000, 5000, 5000, 5000, 5000, 5000, 5000, 5000, 5000, 5000, 5000, 5000, 5000, 5000, 5000, 5000, 5000, 5000, 5000, 5000, 5000, 5000, 5000, 5000, 5000, 5000, 5000, 5000, 5000, 5000, 5000, 5000, 5000, 5000, 5000, 5000, 5000, 5000, 5000, 5000, 5000, 5000, 5000, 5000, 5000, 5000, 5000, 5000, 5000, 5000, 5000, 5000, 5000, 5000, 5000, 5000, 5000, 5000, 5000, 5000, 5000, 5000, 5000, 5000, 5000, 5000, 5000, 5000, 5000, 5000, 5000, 5000, 5000, 5000, 5000, 5000, 5000, 5000, 5000, 5000, 5000, 5000, 5000, 5000, 5000, 5000, 5000, 5000, 5000, 5000, 5000, 5000, 5000, 5000, 5000, 5000, 5000, 5000, 5000, 5000, 5000, 5000, 5000, 5000, 5000, 5000, 5000, 5000, 5000, 5000, 5000, 5000, 5000, 5000, 5000, 5000, 5000, 5000, 5000, 5000, 5000, 5000, 5000, 5000, 5000, 5000, 5000, 5000, 5000, 5000, 5000, 5000, 5000, 5000, 5000, 5000, 5000, 5000, 5000, 5000, 5000, 5000, 5000, 5000, 5000, 5000, 5000, 5000, 5000, 5000, 5000, 5000, 5000, 5000, 5000, 5000, 5000, 5000, 5000, 5000, 5000, 5000, 5000, 5000, 5000, 5000, 5000, 5000, 5000, 5000, 5000, 5000, 5000, 5000, 5000, 5000, 5000, 5000, 5000, 5000, 5000, 5000, 5000, 5000, 5000, 5000, 5000, 5000, 5000, 5000, 5000, 5000, 5000, 5000, 5000, 5000, 5000, 5000, 5000, 5000, 5000, 5000, 5000, 5000, 5000, 5000, 5000, 5000, 5000, 5000, 5000, 5000, 5000, 5000, 5000, 5000, 5000, 5000, 5000, 5000, 5000, 5000, 5000, 5000, 5000, 5000, 5000, 5000, 5000, 5000, 5000, 5000, 5000, 5000, 5000, 5000, 5000, 5000, 5000, 5000, 5000, 5000, 5000, 5000, 5000, 5000, 5000, 5000, 5000, 5000, 5000, 5000, 5000, 5000, 5000, 5000, 5000, 5000, 5000, 5000, 5000, 5000, 5000, 5000, 5000, 5000, 5000, 5000, 5000, 5000, 5000, 5000, 5000, 5000, 5000, 5000, 5000, 5000, 5000, 5000, 5000, 5000, 5000, 5000, 5000, 5000, 5000, 5000, 5000, 5000, 5000, 5000, 5000, 5000, 5000, 5000, 5000, 5000, 5000, 5000, 5000, 5000, 5000, 5000, 5000, 5000, 5000, 5000, 5000, 5000, 5000, 5000, 5000, 5000, 5000, 5000, 5000, 5000, 5000, 5000, 5000, 5000, 5000, 5000, 5000, 5000, 5000, 5000, 5000, 5000, 5000, 5000, 5000, 5000, 5000, 5000, 5000, 5000, 5000, 5000, 5000, 5000, 5000, 5000, 5000, 5000, 5000, 5000, 5000, 5000, 5000, 5000, 5000, 5000, 5000, 5000, 5000, 5000, 5000, 5000, 5000, 5000, 5000, 5000, 5000, 5000, 5000, 5000, 5000, 5000, 5000, 5000, 5000, 5000, 5000, 5000, 5000, 5000, 5000, 5000, 5000, 5000, 5000, 2327, 5000, 5000, 5000, 5000, 5000, 5000, 5000, 5000, 5000, 5000, 5000, 5000, 5000, 5000, 5000, 5000, 5000, 5000, 5000, 5000, 5000, 5000, 5000, 5000, 5000, 5000, 5000, 5000, 5000, 5000, 5000, 5000, 5000, 5000, 5000, 5000, 5000, 5000, 5000, 5000, 5000, 5000, 5000, 5000, 5000, 5000, 5000, 5000, 5000, 5000, 5000, 5000, 5000, 5000, 5000, 5000, 5000, 5000, 5000, 5000, 5000, 5000, 5000, 5000, 5000, 5000, 5000, 5000, 5000, 5000, 5000, 5000, 5000, 5000, 5000, 5000, 5000, 5000, 5000, 5000, 5000, 5000, 5000, 5000, 5000, 5000, 5000, 5000, 5000, 5000, 5000, 5000, 5000, 5000, 5000, 5000, 5000, 5000, 5000, 5000, 5000, 5000, 5000, 5000, 5000, 5000, 5000, 5000, 5000, 5000, 5000, 5000, 5000, 5000, 5000, 5000, 5000, 5000, 5000, 5000, 4300, 5000, 5000, 5000, 5000, 5000, 5000, 5000, 5000, 5000, 5000, 5000, 5000, 5000, 5000, 5000, 5000, 5000, 5000, 5000, 5000, 5000, 5000, 5000, 5000, 5000, 5000, 5000, 5000, 5000, 5000, 5000, 5000, 5000, 5000, 5000, 5000, 5000, 5000, 5000, 5000, 5000, 5000, 5000, 5000, 5000, 5000, 5000, 5000, 5000, 5000, 5000, 5000, 5000, 5000, 5000, 5000, 5000, 5000, 5000, 5000, 5000, 5000, 5000, 5000, 5000, 5000, 5000, 5000, 5000, 5000, 5000, 5000, 5000, 5000, 5000, 5000, 5000, 5000, 5000, 5000, 1797, 5000, 5000, 5000, 5000, 5000, 5000, 5000, 5000, 5000, 5000, 5000, 5000, 5000, 5000, 5000, 5000]
Reward each sim:          [38270, 38400, 38450, 38315, 38190, 38215, 38410, 38325, 38385, 38125, 38515, 37755, 38245, 38505, 38120, 38415, 38190, 38380, 38395, 38230, 38125, 38145, 38255, 38335, 38260, 38300, 38380, 38360, 38475, 38465, 38510, 38255, 38320, 38420, 38295, 38520, 38125, 38360, 38415, 38310, 38175, 38275, 38290, 38460, 38405, 38380, 38605, 38300, 38145, 38270, 38410, 38415, 38490, 38275, 38380, 38270, 38275, 38130, 38350, 38515, 38135, 38155, 38320, 38275, 38550, 28822, 38415, 38290, 37980, 38350, 38285, 38325, 38375, 38370, 38525, 38320, 38285, 38500, 38505, 38095, 38485, 38300, 38380, 38335, 38570, 38585, 38240, 38360, 38240, 38510, 38125, 38595, 38270, 38400, 38310, 38455, 38285, 38310, 38190, 38260, 38530, 38475, 38320, 38240, 38660, 38305, 38645, 38310, 38140, 13480, 38235, 38430, 38610, 38140, 38565, 38585, 38195, 38530, 38455, 38165, 38270, 38460, 38120, 38590, 38295, 38200, 38310, 38375, 38355, 38175, 38555, 38625, 38745, 38445, 38655, 38330, 38520, 38240, 38190, 38375, 25260, 38575, 38225, 38540, 38070, 38260, 38120, 38585, 38475, 38510, 38305, 38170, 38405, 38475, 38550, 38430, 38200, 38385, 38470, 38185, 38265, 38180, 38205, 38425, 38260, 38265, 38010, 38350, 38370, 38405, 38260, 38315, 38415, 38425, 38645, 38315, 38435, 38065, 38160, 38150, 38435, 38475, 38370, 38040, 38465, 38360, 38425, 38440, 38455, 38365, 38170, 38275, 38500, 38180, 38330, 38335, 38155, 38380, 38300, 38490, 38200, 38320, 6445, 38270, 38100, 38550, 38275, 38210, 38385, 38315, 38300, 38230, 38220, 38370, 38230, 38520, 38175, 38420, 38240, 38180, 38285, 38390, 38320, 38380, 38470, 38375, 38300, 38465, 38170, 38345, 38340, 38315, 38535, 38315, 38735, 38435, 38405, 38570, 38425, 38420, 38605, 38450, 38165, 38780, 37885, 38580, 38445, 38400, 38255, 38445, 38390, 38435, 38240, 38315, 38520, 37835, 38555, 38555, 38580, 38395, 38505, 38410, 38210, 38325, 38135, 38325, 38215, 38465, 38475, 38475, 38265, 38570, 38190, 38450, 38475, 38200, 38415, 38605, 38320, 38560, 38385, 38175, 38250, 38425, 38030, 38695, 38180, 38545, 38485, 38265, 16298, 38415, 38385, 38370, 37965, 38345, 38230, 38265, 38300, 38585, 38285, 38430, 38410, 38290, 38455, 38040, 38260, 38510, 38310, 38465, 38460, 38395, 38280, 38215, 38030, 38345, 38250, 38290, 38340, 38500, 38350, 38200, 38315, 38150, 38230, 38315, 38285, 38370, 38140, 38500, 38465, 38290, 38355, 38300, 38595, 38545, 38180, 38250, 38160, 38245, 38575, 38225, 38505, 38200, 38095, 38145, 38435, 38485, 38455, 38235, 38425, 38375, 38120, 38515, 38400, 38275, 38070, 38235, 38165, 38275, 38245, 38385, 38340, 38480, 38535, 38370, 38475, 38400, 38320, 38285, 38245, 38340, 38560, 38080, 38490, 38465, 38320, 38535, 38280, 38245, 37900, 38115, 38355, 38325, 38370, 38145, 38700, 38315, 38245, 38205, 38415, 38380, 38425, 38220, 6840, 38510, 38360, 38565, 38035, 38370, 38330, 38170, 38205, 38280, 38240, 38215, 38190, 38300, 38240, 38425, 38135, 38550, 38255, 38315, 38440, 38535, 38540, 38550, 38285, 38350, 38300, 38475, 38375, 38505, 38485, 38370, 38120, 38440, 38380, 38360, 38445, 38355, 38375, 38420, 38345, 38550, 38160, 38330, 38435, 38600, 38370, 38415, 38570, 38485, 38105, 38120, 38325, 38445, 38665, 38570, 38220, 38125, 38545, 38250, 38635, 38220, 38670, 38245, 38380, 38430, 38175, 38195, 38265, 38115, 38480, 38465, 38485, 38415, 38465, 38300, 38290, 38475, 38165, 38570, 38525, 38435, 38070, 38385, 38470, 38125, 38275, 38420, 38360, 38435, 38360, 38425, 38285, 38060, 38245, 38515, 38290, 38125, 38190, 38340, 38185, 38350, 38220, 38305, 38440, 38330, 38155, 38390, 38325, 38410, 38370, 38195, 38295, 38575, 38510, 38345, 38195, 38385, 38460, 38170, 38380, 38200, 38475, 38370, 38315, 38265, 38100, 38325, 38335, 38270, 38360, 38230, 38330, 38355, 38260, 38345, 38295, 38420, 38550, 38475, 38310, 38395, 38315, 38445, 38370, 38055, 38055, 38370, 38360, 38495, 38290, 38500, 38085, 38515, 38400, 38415, 38515, 38420, 38405, 38335, 38090, 38250, 38360, 38490, 38570, 37922, 38280, 38225, 38370, 38355, 38665, 38575, 38410, 38255, 38610, 38465, 38335, 38415, 38320, 38030, 38315, 38405, 38225, 38555, 38280, 38045, 38350, 38345, 38200, 38420, 38000, 38760, 38360, 38270, 38060, 38552, 38670, 38280, 38310, 38580, 38430, 38270, 38615, 38275, 38300, 38295, 38315, 38250, 38345, 38230, 38380, 38210, 38320, 38275, 38595, 38295, 38640, 38345, 38397, 38430, 38115, 38010, 38255, 38590, 38620, 38580, 38275, 38510, 38405, 38370, 38240, 38200, 38040, 38170, 38645, 38425, 38710, 38385, 38240, 38065, 38360, 38165, 38315, 38390, 38255, 38265, 38090, 38245, 38395, 38200, 38190, 38515, 38575, 38530, 38390, 38665, 38595, 38110, 38225, 38365, 37925, 38150, 38490, 38400, 38285, 38360, 38395, 38615, 38425, 38225, 38445, 38515, 38495, 38450, 38170, 38510, 38125, 38255, 38440, 38415, 38240, 38175, 38295, 38440, 38395, 38350, 38510, 38670, 38270, 38380, 38485, 38485, 38290, 38500, 38100, 38320, 38245, 38525, 38345, 38450, 38410, 38410, 38385, 38265, 38412, 38375, 38260, 38575, 38335, 38445, 38295, 38565, 38545, 38325, 38415, 38585, 38520, 38415, 38470, 38430, 38340, 38455, 38285, 38320, 38455, 38445, 38255, 38200, 38400, 38445, 38135, 38365, 38590, 38330, 38320, 38425, 38600, 38430, 38425, 38235, 38175, 38200, 38520, 38590, 38485, 38210, 38305, 38225, 38320, 38420, 38285, 38490, 38340, 38425, 38525, 38375, 38160, 38510, 38325, 38500, 38485, 38680, 38480, 38350, 38470, 38185, 38280, 38435, 38340, 38405, 38275, 38370, 38650, 38040, 38425, 38320, 38290, 38540, 38530, 38460, 38590, 38285, 38355, 37990, 38220, 38500, 38240, 17456, 38315, 38365, 38240, 38280, 38485, 38435, 38320, 38530, 38540, 38650, 37810, 38360, 38405, 38380, 38150, 37885, 38425, 38190, 38395, 38180, 38180, 38220, 38210, 38400, 38505, 38405, 38475, 38360, 38285, 38480, 38495, 38405, 38405, 38465, 38445, 38240, 38435, 38485, 38240, 38160, 38060, 38235, 38300, 38385, 38350, 38275, 38130, 38405, 38375, 38215, 38345, 38600, 38335, 38410, 38380, 38620, 38475, 38350, 38365, 38195, 38145, 38335, 38130, 38340, 38005, 38210, 38465, 38270, 38485, 38360, 38365, 38325, 38335, 38315, 38280, 38350, 38575, 38665, 38430, 38305, 38475, 38280, 38310, 38425, 37900, 38295, 38345, 38315, 38630, 38170, 38415, 38315, 38112, 38350, 38385, 38255, 38340, 38165, 38575, 38220, 38490, 38050, 38395, 38280, 38220, 38430, 38110, 38165, 38060, 38330, 38425, 38175, 38350, 38150, 38325, 38035, 38385, 38395, 38350, 38400, 32595, 38540, 38635, 38270, 38160, 38215, 38310, 38290, 38505, 38090, 38170, 38315, 38430, 38425, 38255, 38210, 38240, 38610, 38560, 38600, 38305, 38115, 38400, 38520, 38280, 38365, 38585, 38425, 38580, 38405, 38155, 38140, 38270, 38785, 37990, 38530, 38205, 38205, 38055, 38645, 38510, 38265, 38325, 38580, 38500, 38275, 38335, 38455, 38315, 38400, 38550, 38120, 38330, 38385, 38405, 38340, 38405, 38440, 38600, 38270, 38440, 38155, 38545, 38415, 38495, 38475, 38270, 38245, 38060, 38465, 38510, 38405, 38320, 38375, 38225, 38260, 37955, 38325, 38325, 38425, 38320, 13516, 38430, 38355, 38405, 38520, 38275, 38490, 38330, 38335, 38260, 38450, 38300, 38410, 38670, 38410, 38595, 38455]
*********************************************************************
Simulation Type:          Random
--------------------------------------------------------------------
Avg steps:                2308.535
Avg reward/step:          -0.215
Avg null action ratio:    0.043

Min steps:                4
Max steps:                5000

Defender wins:            183
Attacker wins:            817

Steps each sim:           [4749, 684, 3669, 5000, 283, 5000, 1872, 1712, 1946, 55, 2593, 101, 1612, 2580, 5000, 5000, 508, 797, 7, 5000, 5000, 2109, 5000, 256, 963, 3523, 3210, 5000, 5000, 1838, 2408, 981, 422, 874, 5000, 1129, 436, 1619, 1574, 719, 517, 4, 4347, 4038, 1195, 5000, 5000, 2648, 702, 5000, 74, 5000, 820, 4, 4585, 44, 628, 5000, 2654, 12, 869, 5000, 1142, 3220, 488, 241, 1323, 4534, 445, 824, 1392, 5000, 149, 3267, 5000, 3839, 3010, 1401, 927, 5000, 2366, 4, 205, 138, 5000, 3945, 252, 5, 131, 779, 5000, 1388, 4800, 4835, 1815, 144, 1113, 5000, 2231, 5000, 3067, 5000, 5000, 4886, 5000, 1498, 718, 1810, 572, 2313, 448, 5000, 691, 898, 4373, 387, 1744, 5000, 2961, 872, 3086, 2917, 2375, 4, 30, 1469, 700, 1376, 893, 555, 2009, 3507, 1051, 3525, 303, 3994, 653, 5000, 182, 874, 577, 553, 4, 82, 118, 589, 3955, 2780, 1884, 5000, 1181, 5000, 5000, 1700, 2965, 1189, 2309, 201, 5000, 78, 3485, 5000, 5000, 893, 2492, 1373, 1735, 3177, 1694, 599, 180, 226, 3478, 1077, 4172, 529, 640, 1332, 2690, 709, 5000, 175, 4335, 3662, 2032, 953, 1617, 3992, 568, 4893, 4287, 365, 5000, 5000, 1491, 3695, 635, 1448, 4925, 5000, 595, 5000, 3330, 5000, 3700, 5000, 3153, 1217, 4384, 5000, 1263, 986, 1918, 224, 2636, 1414, 1006, 956, 5000, 2699, 5000, 961, 8, 2346, 2701, 1595, 1214, 1259, 5000, 5000, 5000, 1442, 5000, 80, 412, 5000, 1495, 3868, 3792, 5000, 2920, 3632, 83, 10, 4871, 1832, 867, 165, 1492, 5000, 2558, 1877, 123, 601, 5000, 1251, 1409, 5000, 265, 5000, 2998, 5000, 891, 2320, 1621, 295, 5000, 5000, 5000, 357, 1811, 5000, 2951, 3653, 5000, 5000, 5000, 2010, 4519, 1068, 5000, 1986, 839, 679, 1855, 4556, 5000, 3170, 777, 4335, 2446, 2216, 1496, 2035, 389, 769, 4298, 1336, 493, 5000, 5000, 2950, 280, 2422, 3379, 2552, 5000, 1363, 5000, 1290, 2524, 3086, 578, 32, 4958, 5000, 2927, 4899, 1502, 3189, 2660, 2645, 1587, 839, 1063, 1114, 1613, 564, 405, 2297, 5000, 1296, 5000, 4364, 1541, 5, 74, 5000, 65, 1015, 2970, 5000, 156, 5000, 1459, 3135, 4510, 537, 5000, 5000, 931, 3223, 677, 4945, 5000, 137, 682, 1225, 2188, 97, 159, 5000, 3647, 407, 1016, 5000, 848, 1420, 1568, 129, 1415, 268, 5000, 417, 1722, 1081, 594, 664, 2105, 1448, 376, 1829, 3505, 780, 5000, 855, 1107, 162, 3082, 5000, 575, 5, 3095, 82, 1794, 1705, 381, 2402, 1306, 5000, 3389, 2171, 2792, 2333, 35, 900, 2131, 518, 5000, 1879, 4217, 289, 1239, 2792, 494, 2297, 4380, 3445, 1376, 636, 4, 5000, 444, 5000, 168, 3697, 622, 2329, 779, 6, 3069, 3161, 548, 3590, 2695, 587, 3857, 210, 153, 121, 5000, 5000, 708, 5000, 1195, 4800, 5000, 1869, 153, 5000, 100, 1202, 1161, 3431, 1245, 816, 880, 5000, 1041, 970, 38, 1378, 550, 4642, 5000, 4194, 1588, 636, 1153, 9, 1046, 1643, 5000, 1376, 5000, 624, 104, 1183, 1642, 82, 4, 1548, 1644, 1406, 1107, 4, 803, 2213, 3219, 5000, 2835, 1029, 3668, 3287, 320, 5000, 5000, 642, 5000, 376, 1773, 1081, 1791, 5000, 5000, 4984, 1137, 897, 880, 2019, 91, 348, 781, 4801, 3757, 5000, 342, 3013, 1017, 164, 952, 4820, 1523, 994, 3120, 4469, 891, 354, 2551, 3668, 3299, 2158, 5000, 1188, 1089, 5000, 5000, 2933, 1219, 2139, 2831, 414, 5000, 572, 2732, 5000, 1034, 4988, 3613, 4257, 3860, 227, 2767, 5000, 1834, 5000, 325, 2445, 497, 500, 410, 2784, 4450, 992, 3682, 40, 5000, 4559, 3517, 1537, 2050, 1096, 3400, 845, 1571, 3577, 5000, 29, 1338, 1395, 2056, 13, 89, 144, 1110, 1501, 2160, 1789, 416, 5000, 480, 1882, 183, 5000, 1047, 2777, 1482, 693, 231, 1786, 456, 243, 5000, 4379, 3842, 304, 1292, 2538, 3419, 610, 4593, 821, 349, 3323, 253, 3852, 4676, 1009, 224, 1075, 573, 5000, 5000, 2191, 1045, 34, 4, 5000, 765, 168, 2810, 2757, 2888, 1311, 562, 5000, 2435, 39, 1214, 1088, 1106, 555, 2144, 27, 808, 3238, 2663, 792, 653, 1681, 5000, 1737, 427, 3213, 4169, 1676, 5000, 4381, 15, 1590, 5000, 1345, 5000, 3874, 1296, 543, 163, 3042, 2542, 2562, 5000, 3427, 3257, 5000, 598, 1218, 1605, 176, 770, 4776, 304, 808, 2013, 1957, 2413, 3490, 735, 508, 5000, 3966, 403, 5000, 1102, 3665, 5000, 1110, 3101, 5000, 435, 1839, 3616, 4, 1395, 1180, 8, 669, 7, 2869, 533, 3785, 3466, 192, 2732, 5000, 5000, 1521, 5000, 2348, 91, 5000, 2051, 1281, 5000, 3005, 3473, 7, 1134, 1352, 1057, 2291, 3541, 728, 1921, 5000, 576, 256, 4660, 5000, 5000, 4361, 806, 1426, 689, 1895, 353, 287, 4198, 1057, 5000, 5000, 2938, 1114, 1040, 2608, 2337, 1445, 21, 2183, 412, 1692, 2426, 5000, 1738, 5000, 511, 1177, 492, 20, 1659, 1585, 2258, 3006, 4217, 1937, 2515, 2593, 371, 2764, 2750, 1826, 4954, 4608, 5000, 3485, 5000, 2141, 802, 1108, 6, 2998, 5000, 1307, 1763, 10, 2648, 1910, 984, 1770, 2518, 603, 12, 1095, 2013, 4047, 836, 1427, 1157, 587, 1095, 4765, 5000, 2577, 2950, 943, 5000, 5000, 5000, 4493, 5000, 20, 5000, 680, 5000, 5000, 4445, 938, 515, 1138, 1799, 893, 4823, 2422, 47, 1314, 4212, 5000, 3279, 818, 388, 1121, 412, 5000, 5000, 1292, 839, 4138, 3282, 629, 1553, 5000, 726, 15, 350, 4211, 356, 5000, 328, 5000, 2531, 1188, 3229, 770, 1135, 5000, 1382, 1517, 1462, 4208, 5000, 5000, 1914, 1143, 162, 2611, 852, 2188, 956, 4552, 1802, 5000, 76, 1747, 2457, 71, 588, 1356, 3203, 3139, 592, 1137, 376, 1918, 1782, 530, 2715, 5000, 2500, 2824, 5000, 585, 1910, 9, 1268, 944, 20, 1894, 3237, 5000, 2463, 911, 1184, 2514, 101, 4725, 3754, 1247, 2408, 5000, 3131, 3573, 5000, 4741, 1053, 1865, 1510, 1565, 5000, 2618, 2289, 5000, 750, 3493, 5000, 4553, 5000, 5000, 523, 5000, 3634, 5000, 729, 5000, 1070, 725, 10, 233, 454, 5000, 1860, 176, 566, 2359, 1525, 1043, 2149, 3887, 228, 4, 2572, 1680, 212, 4933, 4078, 799, 5000, 970, 4985, 1027, 70, 57, 1785, 5000, 5000, 4530, 5000, 1973, 2935, 4080, 5000, 485, 752, 2047, 3689, 1520, 3079, 1223, 2655, 1004, 913, 782, 355, 1645, 46, 5000, 134, 4508, 3552, 301, 917, 5000]
Reward each sim:          [-1050, -481, -542, -233, -580, -149, -331, -499, 17, -443, 668, -127, -234, -1078, -1215, 620, -282, 140, -281, -717, 1236, -1887, -1880, -382, -401, -1025, -2077, -465, 66, -865, -690, -1075, -376, -404, -1087, -183, -665, -1151, -30, -350, -256, -239, -1666, -428, -1703, 830, -1476, -1099, -905, 787, -184, -1125, -58, -246, -1367, -217, -677, -388, -353, -347, -242, -991, -545, -1153, -856, -243, -598, 574, -531, -498, -851, 1071, -330, -752, 132, -1041, -911, -310, -383, 146, -151, -246, -650, -104, -851, -815, -318, -243, -237, 276, 89, -311, -871, -7, -305, -488, -634, -763, -597, -1483, -675, -730, -1383, -1874, -256, -407, -149, -878, -405, -654, -245, 462, -95, -353, -1155, -391, -476, -258, -961, 89, -1361, -981, -284, -246, -222, 937, 289, -328, -267, -569, 224, -1052, -265, -444, -409, -765, -866, -64, -143, -494, -563, -510, -241, -327, -322, 177, -1129, -1250, -564, 16, -291, -1143, -2246, -269, -254, -149, -34, -385, -1567, -179, -220, -386, -507, -913, -161, -757, -1785, -1968, 53, 24, -494, -213, -974, -282, -444, -188, 247, -1197, 83, -1069, -1557, -151, -684, -1267, -158, -609, -447, 239, -740, -393, -21, -1089, -2244, -83, -674, -773, -907, 220, -1565, -2371, -557, -436, -345, 715, 39, -1921, -2472, -145, -2092, -1329, -396, 50, -1166, -477, -728, -989, -183, -787, 373, 114, -943, -1200, -298, -803, -147, -1042, -605, -404, 736, 1839, -1649, -547, 991, -190, -610, -1494, 218, -559, -824, -232, -1416, -780, -391, -312, -1085, 102, -211, -368, -76, 45, -216, -246, -105, -922, -592, -564, -1288, -715, -490, -270, -365, 1317, -549, -1002, -996, -436, -1044, -3821, -491, -599, -935, -1267, -505, -1031, -139, -1825, -995, -1084, -1187, -195, -689, -224, -511, -935, -869, -58, -328, -1099, 94, -2042, 801, -827, -928, -839, -349, -1134, -1370, -235, -52, -2304, -1138, -578, -200, -319, 198, -729, 309, 341, -1017, -690, -1568, -630, -372, -415, -2097, 479, -639, -380, -552, -649, -1540, -1587, -639, 608, -1327, -458, -214, -572, -396, -710, 1279, -373, 66, -479, -558, -239, -271, -148, -160, -960, -1553, -920, -59, 49, -625, -336, -369, 11, -1067, -508, -232, -1107, -403, 21, 342, -160, -807, 108, -75, -498, -373, -695, 125, -400, -483, -1730, -48, 75, 208, -360, 125, -29, 82, -147, -1240, -135, -88, -759, -739, -1406, -102, -619, -274, -904, 357, -616, -519, -240, 197, -2077, -566, -303, 164, -117, 306, -265, -755, -616, -248, -1271, -978, -1040, -192, -222, -311, -415, -357, -372, 867, 622, -89, -445, -673, -1444, -941, -1414, -190, 7, 235, -231, -244, 593, -552, 1734, -468, 561, 117, -981, -396, -231, -1557, -1404, 52, 479, -1204, -129, -1180, -226, -43, -253, -57, -467, -222, -3043, -545, -1207, -1038, 257, -386, -954, -384, -258, -1549, -162, -759, -1006, -389, -124, 274, 46, -366, -235, -161, -2257, -1385, -1205, 303, -781, -668, -347, -1040, -359, 207, 48, 145, -31, -166, -152, -1029, -359, -244, 816, 353, 244, -138, -236, -1071, -901, -494, -2748, -1493, 218, 245, -858, -251, -655, -1715, -156, 268, -592, 216, -591, -793, -1496, 621, -1459, -49, -676, -634, -350, -185, -629, 16, -375, -137, -770, -212, -39, -572, -190, -60, -739, -409, -198, -470, 263, -53, 154, -853, -621, -1554, -679, 616, -581, -260, -582, 618, -811, -442, -133, -349, -414, -496, -573, -482, -903, -926, -1430, 19, -790, 149, -608, -714, 708, -1333, -1938, -279, -1131, -489, -816, -198, -470, -1781, -391, 535, -220, 1364, 589, -2449, 168, -617, 575, 884, -258, -1119, -2029, -1251, -254, -1134, -47, -23, -231, -214, -539, -1014, -264, -1228, -797, -258, 429, 86, -936, -88, 626, -1779, -355, -558, -420, -449, -421, 122, -251, -1138, 428, 512, -296, -374, 41, -1448, -443, -1292, -783, -177, -1038, -319, -2006, -1916, 77, -563, -234, -529, -1513, -2073, -1343, -234, -258, -238, -289, -183, -461, -670, -422, 54, 447, -711, -250, -1313, -489, -147, -17, 122, -393, 41, -190, -267, -969, 71, -183, -710, -501, 230, -840, -774, -660, -26, -791, -524, -1007, -304, -32, -4091, -251, 49, -757, -54, -934, -135, -499, 485, -319, 118, -762, -1662, -90, -512, -287, -350, -387, -408, -419, -236, -506, -412, -581, -807, -616, -196, -746, -226, 541, -243, -1130, -24, -966, -1222, -261, -1057, -2706, -12, -1323, -990, -244, -15, -943, -222, 31, -221, -332, -707, 547, 848, -405, -485, -87, -1858, -646, 211, -557, -452, -45, -15, -1385, 1062, -510, -3171, -263, -715, -140, -1119, -957, 100, -1066, -786, 902, -60, 139, -495, 1590, -1073, -797, -1004, -442, -269, 82, -97, -149, -545, -53, 158, -271, -2515, -71, -600, -1454, -62, -674, -335, -448, 219, -1009, -61, -329, -1116, -113, -643, -244, -279, -204, -196, -1371, -883, -1625, -2387, -605, -436, -904, -65, -1703, 36, -1300, -806, 904, -383, -2026, -1647, 8, -177, -333, -261, -1449, -468, -53, -306, -368, -772, 37, -145, 410, -630, -76, -255, -435, -1695, -895, -594, -993, -704, -101, 196, -687, -1731, -962, -116, -735, 240, 635, -1734, -2329, -31, -201, -806, -234, 14, -1356, -1626, -260, -495, -444, -1230, -639, -1920, -733, -212, -921, -2275, -34, -815, -203, -686, -401, -519, 516, -162, -445, -612, 539, -939, -737, -647, -148, -772, -268, -228, -453, -469, -185, -454, -1136, 1064, -318, -1232, -394, -60, -181, -893, -680, -1304, 589, 1473, -2675, 244, -898, -416, -1136, -692, -639, -44, -2223, 67, 404, -433, -322, -624, -516, -106, -125, 335, -327, -75, -1201, -608, -1049, -911, -18, -1188, 996, -104, -61, -989, -400, -629, -353, -1184, -262, -211, -62, -769, -2242, -342, -120, 284, -789, -477, -36, 287, 489, -1032, -838, -1527, -1450, -243, -556, -627, -1047, -223, -463, -398, 27, 165, -922, -347, 442, 933, 50, -1026, 980, -1010, -572, -52, -869, -883, -586, 80, -329, -220, -71, -604, -35, -1186, -476, -342, -1080, -612, -227, 86, -4, -148, -240, -1254, 1134, -462, -541, -625, -239, -842, -650, -1131, -474, -225, -247, -134, 1037, -22, -310, 583, -979, 71, -1903, -469, -254, 5, -604, 479, -997, -1003, -627, -398, -723, -174, -244, 41, -623, -229, -626, -390, -1563, -760, -448, -350, -2312]
*********************************************************************
Simulation Type:          Defender2000
--------------------------------------------------------------------
Avg steps:                3589.139
Avg reward/step:          2.546
Avg null action ratio:    0.189

Min steps:                4
Max steps:                5000

Defender wins:            507
Attacker wins:            493

Steps each sim:           [5000, 2935, 4039, 4070, 5000, 1146, 3601, 5000, 5000, 1191, 5000, 5000, 5000, 5000, 5000, 5000, 5000, 1622, 1153, 6, 4599, 5000, 4450, 5000, 5000, 3073, 5000, 3834, 5000, 5000, 5000, 5000, 3480, 1031, 2012, 1708, 3525, 5000, 5000, 2813, 5000, 5000, 2697, 3747, 5000, 5000, 5000, 5000, 5000, 5000, 446, 5000, 5000, 2091, 4285, 162, 5000, 5000, 5000, 3902, 1098, 3204, 1332, 5000, 5000, 1634, 5000, 4374, 5000, 5000, 943, 5000, 5000, 3262, 5000, 5000, 2784, 3708, 4775, 2236, 1418, 5000, 5000, 5000, 5000, 5000, 133, 5000, 5000, 5000, 5000, 394, 5000, 4480, 5000, 5000, 187, 5000, 1882, 1920, 5000, 1819, 1026, 980, 2146, 3059, 4277, 5000, 5000, 5000, 5000, 2292, 5000, 5000, 5000, 1032, 4014, 909, 5000, 5000, 349, 4885, 300, 5000, 4579, 103, 5000, 5000, 4553, 2021, 877, 312, 2440, 631, 2681, 5000, 1462, 4942, 5000, 5000, 5000, 1605, 5000, 5000, 5000, 5000, 5000, 231, 5000, 1892, 5000, 3549, 5000, 5000, 3100, 5000, 3997, 2979, 5000, 628, 768, 4443, 2036, 5000, 1823, 2563, 5000, 5000, 3162, 5000, 1566, 5000, 1473, 772, 2592, 5000, 5000, 351, 2127, 5000, 5000, 5000, 299, 1367, 5000, 5000, 5000, 1376, 3895, 5000, 3249, 5000, 5000, 2390, 4456, 1129, 178, 5000, 1829, 1259, 904, 2830, 5000, 3310, 5000, 1100, 5000, 2426, 4085, 5000, 1981, 5000, 5000, 5000, 250, 3866, 5000, 5000, 5000, 5000, 5000, 5000, 5000, 2596, 5000, 5000, 4860, 341, 1513, 1068, 5000, 543, 5000, 5000, 5000, 2079, 5000, 1119, 5000, 922, 1287, 3019, 5000, 5000, 5000, 565, 5000, 5000, 681, 2603, 5000, 5000, 5000, 5000, 959, 5000, 3430, 237, 5000, 5000, 5000, 2197, 5000, 4520, 2995, 1490, 791, 1098, 5000, 5000, 5000, 4756, 5000, 3874, 5000, 5000, 5000, 315, 2219, 5000, 5000, 5000, 4761, 2852, 1798, 5000, 2430, 5000, 4794, 5000, 3254, 5000, 38, 5000, 2429, 745, 3456, 4118, 1422, 4162, 5000, 5000, 5000, 2694, 4722, 4792, 5000, 5000, 3956, 5000, 1534, 5000, 5000, 826, 3152, 178, 1736, 5000, 3304, 5000, 2366, 5000, 5000, 5000, 5000, 919, 3417, 1411, 5000, 2183, 5000, 5000, 5000, 415, 5000, 2533, 5000, 5000, 5000, 1761, 5000, 1650, 2523, 5000, 5000, 2231, 1672, 620, 3263, 5000, 5000, 5000, 1228, 5000, 1225, 626, 890, 1054, 5000, 5000, 5000, 5000, 573, 5, 5000, 3832, 5000, 224, 5000, 1531, 5000, 5000, 2418, 5000, 4736, 2014, 5000, 5000, 655, 5000, 5000, 5000, 5000, 1206, 58, 1637, 5000, 3679, 261, 5000, 2639, 5000, 5000, 5000, 1350, 5000, 5000, 1755, 812, 1765, 2952, 3095, 788, 5000, 518, 5000, 5000, 5000, 5000, 3949, 1948, 5000, 5000, 92, 5000, 490, 5000, 5000, 1500, 4041, 951, 5000, 5000, 5000, 2054, 157, 2198, 5000, 5000, 5000, 2964, 5000, 5000, 5000, 3952, 5000, 5000, 2981, 5, 5000, 5000, 2687, 5000, 5000, 3736, 1478, 5000, 262, 2805, 5000, 694, 118, 5, 1671, 5000, 2354, 5000, 5000, 3659, 5000, 5000, 5000, 5000, 618, 5000, 5000, 5000, 5000, 336, 2020, 3972, 5000, 5000, 2717, 5000, 5000, 5000, 2823, 2865, 5000, 4510, 5000, 3079, 2638, 2034, 5000, 434, 3420, 5000, 5000, 71, 5000, 160, 99, 1239, 1146, 1167, 5000, 5000, 5000, 59, 1456, 5000, 5000, 5000, 5000, 4844, 5000, 5000, 1364, 5000, 5000, 5000, 5000, 5000, 5000, 4640, 1529, 5000, 5000, 4748, 5000, 25, 2113, 4545, 3800, 5000, 1309, 1983, 2074, 5000, 5000, 5000, 5000, 5000, 5000, 5000, 5000, 5000, 465, 5000, 5000, 5000, 1463, 770, 5000, 2678, 1415, 3416, 5000, 5000, 5000, 5000, 640, 934, 3943, 398, 3101, 7, 2554, 1780, 2045, 5000, 5000, 5000, 559, 483, 4352, 2991, 3900, 1696, 5000, 15, 4221, 4605, 5000, 5000, 2647, 5000, 4938, 5000, 5000, 1459, 4553, 5000, 5000, 5000, 4252, 5000, 5000, 1670, 5000, 5000, 5000, 4901, 1502, 58, 4625, 5000, 5000, 5000, 5000, 3637, 2682, 5000, 3081, 5000, 1714, 5000, 5000, 5000, 579, 5000, 3906, 5000, 5000, 5000, 5000, 4293, 163, 4, 5000, 5000, 756, 4814, 5000, 620, 5000, 3854, 5000, 4962, 5000, 4030, 2822, 2320, 63, 5000, 510, 5000, 5000, 207, 5000, 985, 2280, 3439, 4055, 1679, 5000, 5000, 5000, 2979, 1951, 255, 5000, 5000, 5000, 5000, 5000, 5000, 662, 5000, 4227, 5000, 2426, 811, 4607, 3965, 5000, 4119, 5000, 131, 2618, 5000, 2355, 1240, 5000, 5000, 1215, 919, 5000, 266, 3345, 3769, 5000, 435, 1399, 5000, 5000, 510, 3209, 4095, 2805, 5000, 5000, 661, 498, 5000, 3541, 5000, 3836, 28, 5000, 4933, 5000, 3486, 5000, 5000, 4364, 5000, 5000, 5000, 4942, 1307, 2633, 4107, 5000, 2372, 1039, 3757, 5000, 85, 1067, 4962, 5000, 628, 5000, 405, 5000, 5000, 900, 37, 4358, 5000, 5000, 1924, 664, 5000, 5000, 5000, 5000, 5000, 1089, 5000, 3858, 799, 5000, 373, 1586, 5000, 1602, 5, 4428, 5000, 5000, 5000, 2379, 169, 5000, 5000, 5000, 3105, 5000, 370, 5000, 4625, 3908, 6, 1114, 2116, 4323, 786, 5000, 1573, 5000, 2978, 3600, 5000, 3314, 5000, 5000, 5000, 5000, 5000, 5000, 5000, 5000, 5000, 3647, 5000, 775, 5000, 3441, 1318, 5000, 5000, 5000, 1213, 802, 645, 177, 1263, 4585, 88, 5000, 2621, 2106, 5000, 3676, 5000, 2676, 1273, 5000, 5000, 1365, 5000, 5000, 2632, 5000, 1974, 5000, 679, 479, 1081, 4019, 659, 5000, 1074, 3273, 5000, 4292, 5000, 2696, 5000, 5000, 3638, 1713, 1656, 1355, 5000, 1382, 5000, 4872, 1471, 5000, 5000, 594, 5000, 5000, 568, 5000, 5000, 3421, 5000, 5000, 4608, 5000, 5000, 5000, 5000, 480, 5000, 5000, 5000, 5000, 221, 6, 62, 5000, 3317, 5000, 4331, 2334, 1108, 5000, 1460, 5000, 5000, 5000, 5000, 5000, 5000, 4876, 5000, 4619, 4645, 5000, 1887, 3928, 5000, 5000, 5000, 1816, 5000, 5000, 4984, 5000, 2898, 2097, 2808, 1868, 29, 5000, 5000, 5000, 3361, 2247, 4697, 4262, 3849, 5000, 5000, 5000, 2015, 5000, 1646, 5000, 2095, 25, 2613, 5000, 775, 3197, 5000, 792, 5000, 51, 172, 5000, 4527, 3513, 4717, 141, 213, 1499, 5000, 1017, 5000, 5000, 5000, 2492, 5000, 5000, 520, 5000, 5000, 5000, 5000, 5000, 5000, 5000, 5000, 5000, 5000, 2937, 5000, 5, 5000, 1109, 5000, 5000, 3786, 5000, 2584, 5000, 5000, 2229, 5000, 4869, 671, 114, 778, 5000, 5000, 5000, 334, 5000, 1205, 5000, 5000, 5000, 5000, 165, 1238, 5000, 5000, 5000, 4575, 1663, 1569, 3052, 5000, 5000, 5000, 5000, 580, 5000, 5000, 5000, 5000, 5000]
Reward each sim:          [13260, 6956, 10439, 10650, 12729, 2713, 8928, 12781, 13464, 2728, 13448, 12608, 13563, 13315, 13218, 12802, 13727, 4019, 2814, -262, 11493, 12313, 11133, 12663, 12952, 7537, 12906, 9610, 12590, 13742, 12503, 12925, 9105, 2471, 4410, 4048, 9419, 12678, 13227, 7547, 11896, 13517, 6250, 9436, 12601, 12625, 12817, 12872, 13149, 12789, 1165, 12586, 13051, 5190, 10851, 162, 12861, 12983, 12827, 10114, 2460, 8307, 2779, 12509, 13291, 3430, 13113, 11857, 12309, 12540, 1839, 13345, 12856, 8335, 12546, 12814, 6614, 8495, 12049, 5081, 3436, 13110, 12810, 13119, 13281, 12684, 72, 13089, 13467, 12953, 12305, 686, 12703, 10766, 12565, 12738, 253, 12144, 4476, 4906, 13248, 4541, 2352, 2065, 4924, 7763, 10108, 13261, 13594, 13173, 13104, 6046, 12876, 12352, 13281, 2085, 11057, 1921, 12577, 11972, 652, 12518, 551, 13075, 11131, 82, 12556, 13474, 11241, 4788, 1674, 594, 6536, 1319, 6797, 12256, 3622, 12126, 13252, 13288, 12691, 3785, 12142, 12463, 12472, 12810, 12598, 402, 12570, 4268, 13922, 9314, 12634, 12663, 7864, 13990, 9788, 7597, 12796, 1115, 1732, 10412, 5459, 12623, 4373, 6652, 12065, 12742, 7550, 12320, 3533, 13000, 3659, 1867, 6260, 13117, 12958, 465, 5198, 13044, 12711, 12148, 570, 3026, 13400, 13246, 13041, 3103, 9841, 13318, 7937, 13622, 12010, 6553, 10473, 2659, 263, 13541, 4363, 2924, 1670, 6425, 13349, 8393, 13365, 2783, 13151, 5960, 10136, 12409, 5230, 12721, 12948, 12389, 456, 9685, 12568, 12212, 13691, 12980, 12499, 13144, 12356, 6719, 13062, 12920, 12419, 903, 3523, 2477, 13106, 1072, 12588, 12925, 12598, 4479, 13971, 2826, 12533, 2225, 2473, 7487, 13381, 12965, 13243, 1200, 12845, 11742, 1412, 6626, 13158, 12223, 13837, 13458, 2441, 13214, 8494, 410, 11631, 12559, 12389, 4611, 12896, 10506, 8121, 3322, 1793, 2212, 13119, 13014, 13120, 11588, 12546, 10178, 13247, 13145, 12179, 620, 5257, 11218, 13258, 12900, 12330, 7644, 4411, 12534, 6634, 13419, 11791, 11860, 8484, 12158, -131, 13484, 6297, 1366, 8005, 10636, 3421, 10046, 12839, 13678, 12741, 7278, 12465, 11996, 13022, 13324, 9623, 12831, 3289, 13047, 12842, 1864, 7801, 9, 4153, 13045, 8450, 12715, 5570, 13319, 12828, 12593, 13472, 1919, 8027, 3469, 13046, 5275, 13181, 12887, 13167, 946, 12603, 5857, 13721, 11885, 12629, 4153, 13558, 3950, 5893, 13254, 12973, 5391, 3787, 1408, 7700, 12911, 13688, 12159, 2937, 13100, 3090, 1184, 2001, 2775, 13468, 13771, 13701, 13232, 1390, -228, 13434, 9997, 13782, 332, 11976, 3519, 12301, 13234, 5763, 12906, 11716, 4608, 12758, 12522, 1893, 13119, 13118, 12937, 11955, 2977, -139, 3666, 13088, 8604, 434, 12860, 6786, 12192, 13023, 13176, 3290, 12985, 13013, 4228, 1651, 4190, 7519, 7994, 1971, 12476, 1174, 12844, 13421, 13124, 13917, 9308, 4923, 13230, 11651, 11, 12289, 912, 13112, 12697, 3352, 10340, 1902, 13231, 12897, 12977, 4872, -16, 5344, 12414, 13323, 12460, 7209, 12519, 13621, 13220, 9305, 13413, 13496, 7378, -246, 12731, 13253, 7164, 12013, 12712, 9607, 3236, 12595, 529, 7361, 13004, 1627, -39, -221, 3310, 12839, 5791, 12658, 13181, 9643, 12628, 13786, 13293, 12656, 1635, 13288, 13016, 13836, 12455, 353, 5099, 9181, 12652, 13422, 6867, 12108, 13401, 11490, 7282, 7411, 13500, 11783, 13029, 7054, 6577, 4784, 12666, 986, 8866, 13301, 12996, -26, 12956, 195, -102, 2768, 2675, 2546, 13502, 12110, 13085, -57, 3479, 13366, 13341, 13047, 13330, 12435, 13068, 11919, 3519, 13449, 13459, 12005, 12765, 13108, 12929, 11814, 3515, 13038, 12026, 11524, 13209, -162, 5616, 11437, 9291, 12814, 3337, 4944, 5075, 11899, 13163, 12729, 12579, 12518, 12270, 13921, 12370, 12484, 897, 13061, 12474, 13384, 3431, 1632, 12956, 6968, 3554, 8929, 12957, 12722, 12924, 13042, 1303, 1770, 9410, 784, 8071, -215, 6398, 4548, 4982, 12361, 13554, 13726, 1012, 968, 9693, 7242, 8972, 3583, 12852, -198, 10555, 10836, 12880, 12996, 6311, 12733, 12679, 13306, 12357, 3508, 11687, 13005, 12427, 13246, 11551, 13218, 12748, 3335, 13312, 13394, 13545, 12813, 3341, -76, 12223, 13075, 13795, 12739, 12953, 9432, 6636, 12207, 7721, 13228, 4461, 12237, 12850, 13467, 1264, 13059, 10443, 12492, 13205, 12762, 11788, 10404, 208, -241, 13482, 12953, 1841, 12610, 13013, 1303, 13478, 9997, 13748, 11339, 12426, 9877, 6717, 5229, -142, 12674, 964, 12413, 12057, 465, 12629, 2307, 5704, 9284, 10570, 4045, 13665, 13462, 12772, 7096, 4853, 438, 13172, 12484, 13508, 12842, 13657, 13481, 1321, 13647, 10651, 13320, 5489, 1774, 11490, 10799, 12278, 10498, 13047, 21, 6059, 13713, 5782, 3366, 12189, 12307, 2798, 2428, 13047, 414, 8570, 9232, 13171, 851, 2760, 12926, 12571, 1077, 8303, 10498, 7079, 12800, 12827, 1382, 899, 13073, 8580, 12356, 9508, -220, 14112, 12207, 12402, 9220, 13264, 12691, 10145, 12430, 13143, 12941, 11745, 3179, 6068, 10342, 12232, 6186, 2535, 9371, 13091, -156, 2267, 12871, 12684, 1355, 13426, 659, 13119, 12877, 2259, -179, 10395, 13035, 12789, 4743, 1134, 14025, 12179, 12992, 13146, 13110, 2478, 13704, 9531, 1959, 13412, 680, 3972, 12614, 3953, -226, 10982, 13100, 12676, 13258, 5747, 333, 13512, 13104, 13047, 7845, 13242, 827, 13009, 11502, 9512, -228, 2536, 5269, 10455, 1932, 13194, 3615, 13751, 7198, 9040, 13248, 8308, 12905, 13756, 13288, 12700, 12689, 13250, 13410, 12530, 12787, 8837, 13341, 1905, 13819, 8571, 3532, 13430, 12263, 13523, 2843, 1880, 1370, 14, 2935, 11533, 24, 13477, 6604, 4993, 12913, 9069, 12767, 6720, 2653, 13110, 12913, 2942, 13221, 12816, 6387, 13078, 4708, 12756, 1365, 1045, 2570, 9788, 1347, 13639, 2772, 8305, 12472, 10888, 13271, 6090, 13395, 13420, 8747, 3971, 4081, 3327, 12340, 2781, 11852, 12672, 3614, 13182, 13279, 1406, 12317, 12668, 1216, 13310, 13106, 8524, 13224, 13495, 11676, 12447, 12854, 13252, 13407, 1151, 14011, 12833, 13046, 13937, 378, -218, -133, 12567, 8946, 11718, 11648, 5382, 2779, 13307, 3075, 14069, 11921, 12755, 12428, 12988, 13106, 11764, 13045, 11677, 11576, 12929, 4742, 10310, 12876, 12595, 13189, 4576, 13124, 13133, 12563, 12810, 7152, 5193, 6805, 4697, -181, 12887, 13655, 12941, 8392, 5630, 11334, 11390, 9200, 12637, 13328, 13529, 5479, 12537, 4327, 12974, 5177, -330, 6584, 13064, 1650, 7569, 12898, 2000, 13407, -125, 200, 12546, 11310, 8536, 11768, 114, 338, 3565, 12792, 2316, 13553, 12655, 13176, 5999, 12544, 12659, 889, 13092, 13065, 13435, 12315, 12801, 12894, 12844, 13101, 13100, 12226, 7186, 12823, -238, 13108, 2552, 12904, 13405, 10099, 12453, 6052, 13074, 13433, 4763, 12436, 12546, 1159, -46, 1741, 13157, 13635, 12914, 526, 12678, 2973, 13409, 12817, 12223, 13189, 257, 2743, 12994, 12676, 13799, 11725, 4110, 3594, 8269, 13092, 13402, 13004, 13152, 1074, 12883, 13080, 12877, 13653, 12594]
*********************************************************************
Simulation Type:          Static
--------------------------------------------------------------------
Avg steps:                4.047
Avg reward/step:          -54.56
Avg null action ratio:    1.0

Min steps:                4
Max steps:                15

Defender wins:            0
Attacker wins:            1000

Steps each sim:           [15, 4, 4, 4, 4, 4, 4, 8, 4, 4, 4, 4, 4, 4, 4, 4, 4, 4, 4, 4, 4, 4, 4, 4, 4, 8, 4, 4, 4, 4, 4, 4, 4, 4, 4, 4, 4, 4, 4, 4, 4, 4, 4, 4, 4, 4, 4, 4, 4, 4, 4, 4, 4, 8, 4, 4, 4, 4, 4, 4, 4, 4, 4, 4, 4, 4, 4, 4, 4, 4, 4, 7, 4, 4, 4, 4, 4, 4, 4, 4, 4, 6, 4, 4, 4, 4, 4, 4, 4, 4, 4, 4, 4, 4, 4, 4, 4, 4, 4, 4, 4, 4, 4, 4, 4, 4, 4, 4, 4, 4, 8, 4, 5, 4, 4, 4, 4, 8, 4, 4, 4, 4, 4, 4, 4, 4, 4, 4, 4, 4, 4, 4, 4, 4, 4, 4, 4, 4, 4, 4, 4, 4, 4, 4, 4, 4, 4, 4, 4, 4, 4, 4, 4, 4, 4, 4, 4, 4, 4, 4, 4, 4, 4, 4, 4, 4, 4, 4, 4, 4, 4, 4, 4, 4, 4, 4, 4, 4, 4, 4, 4, 4, 4, 4, 4, 4, 4, 4, 4, 4, 4, 4, 4, 4, 4, 4, 4, 4, 4, 4, 4, 4, 4, 4, 4, 4, 4, 4, 4, 4, 4, 4, 4, 4, 4, 4, 4, 4, 4, 4, 4, 4, 4, 4, 4, 4, 4, 4, 4, 4, 4, 4, 4, 4, 4, 4, 4, 4, 4, 4, 4, 4, 4, 4, 4, 4, 4, 4, 4, 4, 4, 4, 4, 4, 4, 4, 4, 4, 4, 4, 4, 4, 4, 4, 4, 4, 4, 4, 4, 4, 4, 4, 4, 4, 4, 4, 4, 4, 4, 4, 4, 4, 4, 4, 4, 4, 4, 4, 4, 4, 4, 4, 4, 4, 4, 4, 4, 4, 4, 4, 4, 4, 4, 4, 4, 4, 4, 4, 4, 4, 4, 4, 4, 4, 4, 4, 4, 4, 4, 4, 4, 4, 4, 4, 4, 4, 4, 4, 4, 4, 4, 4, 4, 4, 4, 4, 4, 4, 4, 6, 4, 4, 4, 4, 4, 4, 4, 4, 4, 4, 4, 4, 4, 4, 4, 4, 4, 4, 4, 4, 4, 4, 4, 4, 4, 4, 4, 4, 4, 4, 4, 4, 4, 4, 4, 4, 4, 4, 4, 4, 4, 4, 4, 4, 4, 4, 4, 4, 4, 4, 4, 4, 4, 4, 4, 4, 4, 4, 4, 4, 4, 4, 4, 4, 4, 4, 4, 4, 4, 4, 4, 4, 4, 4, 4, 4, 4, 4, 4, 4, 4, 4, 4, 4, 4, 4, 4, 4, 4, 4, 4, 4, 4, 4, 4, 4, 4, 4, 4, 4, 4, 8, 4, 4, 4, 4, 4, 4, 4, 4, 4, 4, 4, 4, 4, 4, 4, 4, 4, 4, 4, 4, 4, 4, 4, 4, 4, 4, 4, 4, 4, 4, 4, 4, 4, 4, 4, 4, 4, 4, 4, 4, 4, 4, 4, 4, 4, 4, 4, 4, 4, 4, 4, 4, 4, 4, 4, 4, 4, 4, 4, 4, 4, 4, 4, 4, 4, 4, 4, 4, 4, 4, 4, 4, 4, 4, 4, 4, 4, 4, 4, 4, 4, 4, 4, 4, 4, 4, 4, 4, 4, 4, 4, 4, 4, 4, 4, 4, 4, 4, 4, 4, 4, 4, 4, 4, 4, 4, 4, 4, 4, 4, 4, 4, 4, 4, 4, 4, 4, 4, 4, 4, 4, 4, 4, 4, 4, 4, 4, 4, 4, 4, 4, 4, 4, 4, 4, 4, 4, 4, 4, 4, 4, 4, 4, 4, 4, 4, 4, 4, 4, 4, 4, 4, 4, 4, 4, 4, 4, 4, 4, 4, 4, 4, 4, 4, 4, 4, 4, 4, 4, 4, 4, 4, 4, 4, 4, 4, 4, 4, 4, 4, 4, 4, 4, 4, 4, 4, 4, 4, 4, 4, 4, 4, 4, 4, 4, 4, 4, 4, 4, 4, 4, 4, 4, 4, 4, 4, 4, 4, 4, 4, 4, 4, 4, 4, 4, 4, 4, 4, 4, 4, 4, 4, 4, 4, 4, 4, 4, 4, 4, 4, 4, 4, 4, 4, 4, 4, 4, 4, 4, 4, 4, 4, 4, 4, 4, 6, 4, 4, 4, 4, 4, 4, 4, 4, 4, 4, 4, 4, 4, 4, 4, 4, 4, 4, 4, 4, 4, 4, 4, 4, 4, 4, 4, 4, 4, 4, 4, 4, 4, 4, 4, 4, 4, 4, 4, 4, 4, 4, 4, 4, 4, 4, 4, 4, 4, 4, 4, 4, 4, 4, 4, 4, 4, 4, 4, 4, 4, 4, 4, 4, 4, 4, 4, 4, 4, 4, 4, 4, 4, 4, 4, 4, 4, 4, 4, 4, 4, 4, 4, 4, 4, 4, 4, 4, 4, 4, 4, 4, 4, 4, 4, 4, 4, 4, 4, 4, 4, 4, 4, 4, 4, 4, 4, 4, 4, 4, 4, 4, 6, 4, 4, 4, 4, 4, 4, 4, 4, 4, 4, 4, 4, 4, 4, 4, 4, 4, 4, 4, 4, 4, 4, 4, 4, 4, 4, 4, 4, 4, 4, 4, 4, 4, 4, 4, 4, 4, 4, 4, 4, 4, 4, 4, 4, 4, 4, 4, 4, 4, 4, 4, 4, 4, 4, 4, 4, 4, 4, 4, 4, 4, 4, 4, 4, 4, 4, 4, 4, 4, 4, 4, 4, 4, 4, 4, 4, 4, 4, 4, 4, 4, 4, 4, 4, 4, 4, 4, 4, 4, 4, 4, 4, 4, 4, 4, 4, 4, 4, 4, 4, 4, 4, 4, 4, 4, 4, 4, 4, 4, 4, 4, 4, 4, 4, 4, 4, 4, 4, 4, 4, 4, 4, 4, 4, 4, 4, 4, 4, 4, 4, 4, 4, 4, 4, 4, 4, 4, 4, 4, 4, 4, 4, 4, 4, 4, 4, 4, 4, 4, 4, 4, 4, 4, 4, 4, 4, 4, 4, 4, 4, 4, 4, 4, 4, 4, 4, 4, 4, 4, 4, 4, 4, 4, 4, 4, 4, 4, 4, 4, 4, 4, 4, 4, 4, 4, 4, 4, 4, 4, 4, 4, 4, 4, 4, 4, 4, 4, 4, 4]
Reward each sim:          [-405, -220, -220, -220, -220, -220, -220, -315, -220, -220, -220, -220, -220, -220, -220, -220, -220, -220, -220, -220, -220, -220, -220, -220, -220, -315, -220, -220, -220, -220, -220, -220, -220, -220, -220, -220, -220, -220, -220, -220, -220, -220, -220, -220, -220, -220, -220, -220, -220, -220, -220, -220, -220, -315, -220, -220, -220, -220, -220, -220, -220, -220, -220, -220, -220, -220, -220, -220, -220, -220, -220, -260, -220, -220, -220, -220, -220, -220, -220, -220, -220, -225, -220, -220, -220, -220, -220, -220, -220, -220, -220, -220, -220, -220, -220, -220, -220, -220, -220, -220, -220, -220, -220, -220, -220, -220, -220, -220, -220, -220, -315, -220, -210, -220, -220, -220, -220, -315, -220, -220, -220, -220, -220, -220, -220, -220, -220, -220, -220, -220, -220, -220, -220, -220, -220, -220, -220, -220, -220, -220, -220, -220, -220, -220, -220, -220, -220, -220, -220, -220, -220, -220, -220, -220, -220, -220, -220, -220, -220, -220, -220, -220, -220, -220, -220, -220, -220, -220, -220, -220, -220, -220, -220, -220, -220, -220, -220, -220, -220, -220, -220, -220, -220, -220, -220, -220, -220, -220, -220, -220, -220, -220, -220, -220, -220, -220, -220, -220, -220, -220, -220, -220, -220, -220, -220, -220, -220, -220, -220, -220, -220, -220, -220, -220, -220, -220, -220, -220, -220, -220, -220, -220, -220, -220, -220, -220, -220, -220, -220, -220, -220, -220, -220, -220, -220, -220, -220, -220, -220, -220, -220, -220, -220, -220, -220, -220, -220, -220, -220, -220, -220, -220, -220, -220, -220, -220, -220, -220, -220, -220, -220, -220, -220, -220, -220, -220, -220, -220, -220, -220, -220, -220, -220, -220, -220, -220, -220, -220, -220, -220, -220, -220, -220, -220, -220, -220, -220, -220, -220, -220, -220, -220, -220, -220, -220, -220, -220, -220, -220, -220, -220, -220, -220, -220, -220, -220, -220, -220, -220, -220, -220, -220, -220, -220, -220, -220, -220, -220, -220, -220, -220, -220, -220, -220, -220, -220, -220, -220, -220, -220, -220, -220, -220, -220, -220, -220, -220, -220, -220, -225, -220, -220, -220, -220, -220, -220, -220, -220, -220, -220, -220, -220, -220, -220, -220, -220, -220, -220, -220, -220, -220, -220, -220, -220, -220, -220, -220, -220, -220, -220, -220, -220, -220, -220, -220, -220, -220, -220, -220, -220, -220, -220, -220, -220, -220, -220, -220, -220, -220, -220, -220, -220, -220, -220, -220, -220, -220, -220, -220, -220, -220, -220, -220, -220, -220, -220, -220, -220, -220, -220, -220, -220, -220, -220, -220, -220, -220, -220, -220, -220, -220, -220, -220, -220, -220, -220, -220, -220, -220, -220, -220, -220, -220, -220, -220, -220, -220, -220, -220, -220, -220, -315, -220, -220, -220, -220, -220, -220, -220, -220, -220, -220, -220, -220, -220, -220, -220, -220, -220, -220, -220, -220, -220, -220, -220, -220, -220, -220, -220, -220, -220, -220, -220, -220, -220, -220, -220, -220, -220, -220, -220, -220, -220, -220, -220, -220, -220, -220, -220, -220, -220, -220, -220, -220, -220, -220, -220, -220, -220, -220, -220, -220, -220, -220, -220, -220, -220, -220, -220, -220, -220, -220, -220, -220, -220, -220, -220, -220, -220, -220, -220, -220, -220, -220, -220, -220, -220, -220, -220, -220, -220, -220, -220, -220, -220, -220, -220, -220, -220, -220, -220, -220, -220, -220, -220, -220, -220, -220, -220, -220, -220, -220, -220, -220, -220, -220, -220, -220, -220, -220, -220, -220, -220, -220, -220, -220, -220, -220, -220, -220, -220, -220, -220, -220, -220, -220, -220, -220, -220, -220, -220, -220, -220, -220, -220, -220, -220, -220, -220, -220, -220, -220, -220, -220, -220, -220, -220, -220, -220, -220, -220, -220, -220, -220, -220, -220, -220, -220, -220, -220, -220, -220, -220, -220, -220, -220, -220, -220, -220, -220, -220, -220, -220, -220, -220, -220, -220, -220, -220, -220, -220, -220, -220, -220, -220, -220, -220, -220, -220, -220, -220, -220, -220, -220, -220, -220, -220, -220, -220, -220, -220, -220, -220, -220, -220, -220, -220, -220, -220, -220, -220, -220, -220, -220, -220, -220, -220, -220, -220, -220, -220, -220, -220, -220, -220, -220, -220, -220, -220, -220, -220, -220, -220, -220, -220, -220, -220, -225, -220, -220, -220, -220, -220, -220, -220, -220, -220, -220, -220, -220, -220, -220, -220, -220, -220, -220, -220, -220, -220, -220, -220, -220, -220, -220, -220, -220, -220, -220, -220, -220, -220, -220, -220, -220, -220, -220, -220, -220, -220, -220, -220, -220, -220, -220, -220, -220, -220, -220, -220, -220, -220, -220, -220, -220, -220, -220, -220, -220, -220, -220, -220, -220, -220, -220, -220, -220, -220, -220, -220, -220, -220, -220, -220, -220, -220, -220, -220, -220, -220, -220, -220, -220, -220, -220, -220, -220, -220, -220, -220, -220, -220, -220, -220, -220, -220, -220, -220, -220, -220, -220, -220, -220, -220, -220, -220, -220, -220, -220, -220, -220, -225, -220, -220, -220, -220, -220, -220, -220, -220, -220, -220, -220, -220, -220, -220, -220, -220, -220, -220, -220, -220, -220, -220, -220, -220, -220, -220, -220, -220, -220, -220, -220, -220, -220, -220, -220, -220, -220, -220, -220, -220, -220, -220, -220, -220, -220, -220, -220, -220, -220, -220, -220, -220, -220, -220, -220, -220, -220, -220, -220, -220, -220, -220, -220, -220, -220, -220, -220, -220, -220, -220, -220, -220, -220, -220, -220, -220, -220, -220, -220, -220, -220, -220, -220, -220, -220, -220, -220, -220, -220, -220, -220, -220, -220, -220, -220, -220, -220, -220, -220, -220, -220, -220, -220, -220, -220, -220, -220, -220, -220, -220, -220, -220, -220, -220, -220, -220, -220, -220, -220, -220, -220, -220, -220, -220, -220, -220, -220, -220, -220, -220, -220, -220, -220, -220, -220, -220, -220, -220, -220, -220, -220, -220, -220, -220, -220, -220, -220, -220, -220, -220, -220, -220, -220, -220, -220, -220, -220, -220, -220, -220, -220, -220, -220, -220, -220, -220, -220, -220, -220, -220, -220, -220, -220, -220, -220, -220, -220, -220, -220, -220, -220, -220, -220, -220, -220, -220, -220, -220, -220, -220, -220, -220, -220, -220, -220, -220, -220, -220, -220]
*********************************************************************
A2C is the most effective algorithm with 5000.0 avg steps.
PPO is the most efficient algorithm with 7.669 avg reward/step.
