*********************************************************************
Starting Simulation Types: A2C, PPO, Random, Defender2000, Static
Simulations per Type:      100
Steps per Simulation:      5000
*********************************************************************
Simulation Type:          A2C
--------------------------------------------------------------------
Avg steps:                4891.39
Avg reward/step:          2.519
Avg null action ratio:    0.037

Min steps:                661
Max steps:                5000

Defender wins:            91
Attacker wins:            9

Steps each sim:           [5000, 5000, 5000, 5000, 5000, 3530, 5000, 5000, 5000, 5000, 5000, 5000, 5000, 5000, 5000, 5000, 5000, 5000, 5000, 5000, 5000, 5000, 5000, 5000, 5000, 5000, 5000, 5000, 5000, 5000, 5000, 5000, 5000, 5000, 5000, 5000, 5000, 5000, 5000, 5000, 5000, 5000, 5000, 5000, 5000, 5000, 5000, 5000, 5000, 5000, 5000, 5000, 661, 5000, 4909, 5000, 5000, 5000, 5000, 5000, 5000, 5000, 5000, 5000, 5000, 5000, 3995, 5000, 5000, 5000, 5000, 3434, 5000, 5000, 5000, 4538, 5000, 5000, 5000, 5000, 5000, 4243, 5000, 4801, 4028, 5000, 5000, 5000, 5000, 5000, 5000, 5000, 5000, 5000, 5000, 5000, 5000, 5000, 5000, 5000]
Reward each sim:          [12621, 13105, 12956, 13187, 13029, 8967, 11296, 13165, 11993, 12572, 11988, 12752, 12423, 13400, 12005, 13569, 12820, 12657, 12824, 12917, 13270, 12940, 12140, 12721, 12160, 12908, 13081, 12451, 12723, 12707, 12308, 12540, 13037, 13266, 12780, 12629, 12471, 12314, 12709, 12733, 12802, 12658, 12835, 12811, 11738, 13338, 11728, 11687, 12642, 12262, 13071, 11996, 968, 12763, 12160, 12246, 11977, 12928, 12525, 12649, 12540, 12910, 11821, 13030, 12979, 12053, 9907, 12154, 12380, 11655, 12451, 8193, 12176, 13200, 12581, 10614, 12847, 13236, 12331, 12634, 12179, 10791, 12019, 11543, 10189, 12829, 12562, 12129, 12737, 13003, 12322, 12916, 12714, 12468, 13319, 12819, 12836, 12953, 13435, 12558]
*********************************************************************
Simulation Type:          PPO
--------------------------------------------------------------------
Avg steps:                4876.81
Avg reward/step:          2.964
Avg null action ratio:    0.037

Min steps:                384
Max steps:                5000

Defender wins:            96
Attacker wins:            4

Steps each sim:           [5000, 5000, 5000, 5000, 1710, 5000, 5000, 5000, 5000, 5000, 5000, 5000, 5000, 5000, 5000, 5000, 5000, 5000, 5000, 5000, 5000, 5000, 5000, 5000, 5000, 5000, 5000, 5000, 5000, 5000, 5000, 5000, 5000, 5000, 5000, 5000, 5000, 5000, 5000, 5000, 5000, 5000, 5000, 5000, 5000, 5000, 5000, 5000, 5000, 5000, 5000, 1719, 5000, 5000, 5000, 5000, 5000, 5000, 5000, 5000, 5000, 5000, 5000, 5000, 5000, 5000, 5000, 5000, 5000, 5000, 5000, 5000, 5000, 5000, 5000, 5000, 5000, 384, 5000, 5000, 5000, 5000, 5000, 5000, 5000, 5000, 5000, 3868, 5000, 5000, 5000, 5000, 5000, 5000, 5000, 5000, 5000, 5000, 5000, 5000]
Reward each sim:          [14499, 15248, 14903, 14644, 4819, 15245, 15076, 14174, 14760, 14622, 14189, 14764, 15289, 14510, 14762, 14603, 15221, 14935, 14810, 14798, 15266, 14920, 14966, 14610, 14724, 14534, 14872, 14957, 15187, 14871, 15194, 14786, 14986, 15031, 14810, 15054, 14830, 15319, 14561, 14636, 15221, 14938, 14690, 14362, 14604, 14613, 14974, 15065, 14475, 15037, 15279, 4440, 14611, 14364, 14610, 15120, 15148, 15194, 14862, 14723, 15099, 14699, 14876, 14326, 14988, 14690, 14802, 14669, 14846, 14441, 14817, 14671, 14923, 14583, 15059, 14780, 15216, 814, 15315, 14892, 15226, 14435, 15089, 14851, 15057, 14879, 14915, 11349, 14513, 14359, 14895, 14485, 14405, 15210, 14606, 15257, 14512, 15027, 14498, 14911]
*********************************************************************
Simulation Type:          Random
--------------------------------------------------------------------
Avg steps:                2399.47
Avg reward/step:          -0.141
Avg null action ratio:    0.044

Min steps:                5
Max steps:                5000

Defender wins:            19
Attacker wins:            81

Steps each sim:           [4571, 97, 94, 3079, 12, 5000, 5000, 5000, 5000, 2684, 1211, 400, 2411, 2574, 230, 615, 5000, 156, 1021, 564, 1940, 5000, 1049, 1300, 852, 208, 3691, 3824, 270, 629, 417, 2703, 2277, 5000, 3636, 1195, 5000, 2131, 276, 1095, 810, 1105, 250, 4948, 2315, 2849, 1424, 2476, 5, 3987, 153, 1698, 616, 2972, 2115, 2766, 2866, 1896, 4252, 2537, 3095, 6, 5000, 257, 1976, 26, 2204, 4256, 1591, 5000, 237, 5000, 123, 13, 1998, 5000, 5000, 5000, 4963, 2795, 1643, 1278, 178, 4796, 3120, 709, 5000, 485, 5000, 2147, 663, 371, 2632, 5000, 3172, 1467, 4509, 4985, 5000, 5000]
Reward each sim:          [-1083, -164, -479, -110, -251, -1074, 270, -515, 115, 181, 263, -516, 91, -95, 84, -537, 1442, -151, -320, 572, 332, -1196, -794, -678, -471, -406, 765, 353, -52, -676, -126, 118, 117, -457, -988, -308, -530, -2144, -283, -143, -141, 347, -115, -671, -1192, 63, -478, -469, -284, -42, 40, -1086, -200, -506, -1085, -784, 50, 69, 32, -1094, -659, -231, -132, -140, -867, -558, -903, 1203, -452, 593, -131, -1528, -367, -344, -133, -190, 269, 168, -868, -1295, -771, -224, -317, -1521, 722, -204, 620, -559, -273, -706, -858, -34, -1162, -1416, 81, -1938, -74, -1164, 960, -1006]
*********************************************************************
Simulation Type:          Defender2000
--------------------------------------------------------------------
Avg steps:                3555.83
Avg reward/step:          2.541
Avg null action ratio:    0.193

Min steps:                4
Max steps:                5000

Defender wins:            49
Attacker wins:            51

Steps each sim:           [5, 5000, 621, 951, 5000, 5000, 1270, 4145, 5000, 5000, 1874, 3823, 5000, 3024, 5000, 4419, 299, 2771, 843, 12, 2699, 5000, 5000, 5000, 4817, 5000, 5000, 4631, 844, 2702, 5000, 3820, 1270, 5000, 5000, 5000, 5000, 112, 5000, 5000, 5000, 370, 5000, 3209, 2684, 3651, 2669, 4070, 407, 5000, 5000, 76, 2398, 5000, 5000, 132, 2671, 3192, 2312, 5000, 4625, 952, 4125, 3499, 5000, 5000, 4101, 5000, 1307, 1099, 5000, 5000, 5000, 5000, 5000, 5000, 5000, 5000, 5000, 5000, 1021, 5000, 5000, 1724, 4, 1201, 5000, 5000, 5000, 5000, 3845, 5000, 1808, 924, 4508, 5000, 5000, 362, 2685, 5000]
Reward each sim:          [-251, 13129, 1328, 2283, 12213, 12501, 3012, 10709, 12963, 12374, 4727, 9224, 13292, 8243, 12632, 11186, 342, 7345, 1910, -215, 6142, 13158, 13549, 13438, 12141, 12007, 12769, 11021, 1788, 7165, 12261, 9363, 2648, 12755, 12488, 12804, 13306, 0, 13658, 12463, 12963, 824, 12676, 8175, 6792, 8278, 6968, 10403, 769, 12742, 12994, -10, 5822, 13587, 12662, 85, 6506, 7400, 5734, 13457, 11940, 2312, 9879, 8225, 12793, 12581, 9970, 12860, 3303, 2844, 13136, 12699, 13598, 12644, 13195, 13925, 13442, 13051, 12889, 12524, 2442, 12927, 13308, 4381, -234, 3263, 12144, 12835, 13186, 12667, 9641, 13162, 4061, 1812, 11070, 12791, 13050, 697, 6808, 12990]
*********************************************************************
Simulation Type:          Static
--------------------------------------------------------------------
Avg steps:                4.67
Avg reward/step:          -48.951
Avg null action ratio:    1.0

Min steps:                4
Max steps:                50

Defender wins:            0
Attacker wins:            100

Steps each sim:           [50, 4, 4, 8, 4, 4, 4, 4, 4, 4, 4, 4, 4, 4, 4, 4, 4, 4, 7, 4, 4, 4, 4, 4, 4, 4, 4, 5, 4, 4, 4, 4, 4, 4, 4, 4, 4, 4, 8, 4, 4, 4, 4, 4, 4, 4, 8, 4, 4, 4, 4, 4, 4, 4, 4, 4, 4, 4, 4, 4, 4, 4, 4, 4, 4, 4, 4, 4, 4, 8, 4, 4, 4, 4, 4, 4, 4, 4, 4, 4, 5, 4, 4, 4, 4, 4, 4, 4, 4, 4, 4, 4, 4, 4, 4, 4, 4, 4, 4, 4]
Reward each sim:          [-680, -220, -220, -315, -220, -220, -220, -220, -220, -220, -220, -220, -220, -220, -220, -220, -220, -220, -260, -220, -220, -220, -220, -220, -220, -220, -220, -210, -220, -220, -220, -220, -220, -220, -220, -220, -220, -220, -315, -220, -220, -220, -220, -220, -220, -220, -315, -220, -220, -220, -220, -220, -220, -220, -220, -220, -220, -220, -220, -220, -220, -220, -220, -220, -220, -220, -220, -220, -220, -315, -220, -220, -220, -220, -220, -220, -220, -220, -220, -220, -210, -220, -220, -220, -220, -220, -220, -220, -220, -220, -220, -220, -220, -220, -220, -220, -220, -220, -220, -220]
*********************************************************************
A2C is the most effective algorithm with 4891.39 avg steps.
PPO is the most efficient algorithm with 2.964 avg reward/step.
