*********************************************************************
Starting Simulation Types: A2C, PPO, Defender2000, Random, Static
Simulations per Type:      200
Steps per Simulation:      5000
---------------------------------------------------------------------
Graph Name:                simple_webservice
Attack Name:               professional
Only Nodes:                False
Only Prevention Systems:   True
Nodes Pause:               1
Prevention Systems Pause:  1
*********************************************************************
Simulation Type:          A2C
Learning Time:            8.3 sec
---------------------------------------------------------------------
Avg steps:                1007.47
Avg reward/step:          49.256
Avg null action ratio:    [1.0, 0.158]
Avg invalid actions:      [0.0, 0.0]

Min steps:                14
Max steps:                4528

Defender wins:            0
Attacker wins:            200

Steps each sim:           [2583, 261, 1466, 797, 360, 892, 1758, 1801, 535, 1318, 127, 694, 1115, 412, 1141, 1240, 568, 2339, 828, 1178, 848, 1174, 673, 63, 624, 1255, 558, 1143, 914, 1416, 574, 2595, 111, 653, 388, 2769, 273, 706, 3965, 563, 1106, 1689, 224, 776, 477, 1341, 1165, 1006, 1045, 433, 1228, 305, 1025, 911, 2458, 2669, 233, 415, 786, 951, 1497, 418, 674, 914, 809, 523, 1520, 24, 390, 1984, 3076, 641, 625, 490, 2556, 1415, 191, 506, 1095, 409, 996, 192, 2184, 1621, 103, 59, 1256, 495, 1851, 502, 589, 88, 741, 128, 882, 504, 798, 1402, 2740, 1710, 31, 1500, 1008, 1885, 684, 318, 68, 1170, 48, 923, 1401, 688, 273, 752, 2881, 14, 1573, 399, 988, 748, 2539, 712, 1169, 71, 482, 990, 475, 2198, 1350, 2082, 1145, 1589, 387, 2313, 343, 1513, 1572, 564, 3103, 218, 539, 2649, 26, 1922, 887, 279, 173, 832, 202, 160, 722, 214, 1145, 691, 323, 557, 1898, 2911, 248, 451, 2340, 213, 38, 806, 565, 2836, 797, 492, 3771, 170, 606, 195, 693, 257, 610, 1382, 3899, 57, 601, 417, 346, 1573, 250, 247, 1722, 2418, 297, 4528, 111, 1710, 1110, 720, 694, 147, 224, 613, 1027, 803, 180, 1514]
Reward each sim:          [126804, 11984, 74282, 39524, 17232, 43662, 85590, 88266, 25664, 64294, 5268, 33966, 55440, 19518, 56032, 61698, 27566, 115620, 41000, 58448, 41780, 58670, 33176, 2722, 30494, 60166, 27486, 56184, 45418, 70388, 29342, 130832, 4776, 32156, 18418, 138260, 12696, 34782, 198130, 28158, 54744, 82846, 10682, 39248, 22398, 65176, 56412, 48910, 50978, 21096, 61654, 14644, 51224, 44020, 122130, 131138, 11278, 20144, 38282, 47726, 74196, 20736, 33256, 45270, 39144, 25946, 75038, 698, 18848, 99284, 153582, 31892, 30882, 23850, 126110, 70260, 8448, 25020, 54758, 19508, 49510, 9496, 108984, 79626, 4712, 2254, 62204, 23764, 92592, 24338, 28852, 3586, 35836, 5868, 42716, 24788, 39776, 68168, 134228, 85766, 968, 74978, 48696, 93038, 33008, 14758, 2826, 58846, 1516, 46034, 69256, 33610, 13026, 36928, 143440, 124, 76600, 20298, 49172, 37404, 126098, 35362, 57386, 3286, 22984, 47966, 22864, 108270, 67154, 103250, 56754, 78362, 18278, 116802, 16912, 75002, 76730, 27666, 154500, 10856, 25634, 129524, 668, 94880, 42940, 12782, 8226, 40198, 8784, 7110, 36906, 9822, 55652, 33586, 15256, 27356, 93436, 145796, 12118, 22598, 115922, 10558, 1416, 40522, 27250, 139212, 37568, 24026, 188338, 7820, 30530, 8820, 33230, 11604, 30076, 69834, 193540, 2426, 28980, 20042, 17474, 78002, 11582, 11958, 87222, 118764, 13958, 224026, 5512, 82694, 54420, 34610, 33184, 6670, 10814, 29158, 51020, 38334, 8324, 76746]
*********************************************************************
Simulation Type:          PPO
Learning Time:            16.4 sec
---------------------------------------------------------------------
Avg steps:                1781.525
Avg reward/step:          51.311
Avg null action ratio:    [1.0, 0.12]
Avg invalid actions:      [0.0, 0.0]

Min steps:                15
Max steps:                5000

Defender wins:            11
Attacker wins:            189

Steps each sim:           [616, 5000, 3501, 3590, 2439, 830, 3524, 378, 5000, 2636, 1014, 419, 4499, 1213, 932, 5000, 1802, 853, 1599, 1593, 2787, 2859, 979, 387, 3239, 326, 5000, 2484, 127, 5000, 2711, 1852, 679, 1466, 2554, 249, 1527, 3791, 1656, 1392, 1292, 859, 101, 584, 1878, 779, 4034, 2017, 1924, 421, 654, 1347, 2381, 2677, 598, 2500, 4296, 1636, 470, 4210, 1800, 2989, 2913, 3354, 1392, 3335, 828, 278, 743, 3016, 1787, 2747, 283, 226, 5000, 762, 925, 1678, 4152, 5000, 191, 1345, 3054, 856, 1589, 1635, 1115, 2064, 19, 5000, 615, 1241, 801, 1191, 663, 893, 824, 4122, 927, 428, 2759, 1301, 792, 1725, 242, 1109, 406, 3166, 168, 4104, 1858, 5000, 546, 3309, 410, 531, 245, 765, 2062, 297, 738, 422, 34, 139, 3055, 1710, 681, 1031, 1470, 917, 662, 3822, 1812, 1034, 4393, 2792, 1357, 1479, 382, 15, 572, 2053, 773, 1793, 2182, 2613, 2127, 495, 646, 39, 590, 381, 3391, 4564, 197, 2091, 593, 2018, 961, 311, 2636, 2454, 4102, 254, 809, 302, 1945, 448, 4346, 1323, 3946, 102, 2350, 2723, 5000, 122, 3044, 2018, 589, 1794, 3087, 1068, 892, 320, 4489, 686, 3603, 1999, 573, 863, 427, 83, 1003, 3282, 2174, 890, 5000, 2712, 1540, 235]
Reward each sim:          [31538, 257472, 178934, 186698, 125802, 42798, 182868, 18852, 259246, 135540, 51902, 20918, 229262, 61322, 47578, 259252, 92498, 42996, 81624, 82482, 145164, 147090, 50308, 19826, 167228, 16088, 258444, 127394, 5754, 258448, 141104, 93356, 33656, 74726, 131262, 12124, 77112, 194952, 84584, 71080, 65428, 43986, 4488, 29958, 96558, 39454, 207806, 103956, 97948, 21410, 33832, 68948, 121764, 137196, 30172, 129770, 219586, 84378, 23468, 218618, 91946, 154770, 147706, 171250, 71844, 173128, 42540, 14066, 36810, 155076, 92716, 140590, 14120, 10972, 258938, 38214, 46034, 85636, 212830, 256770, 9592, 69168, 158108, 44312, 83180, 83006, 57238, 105122, 508, 255594, 30632, 64382, 40296, 60336, 33424, 44448, 41678, 213138, 46832, 21446, 142936, 65844, 39904, 88062, 11456, 56092, 21136, 162834, 8276, 213398, 95622, 260984, 26716, 170182, 20690, 26864, 11764, 40108, 107918, 15156, 37090, 21616, 1086, 6690, 157168, 88054, 33962, 51884, 75330, 47134, 33530, 192792, 92892, 52160, 227608, 143502, 69470, 74828, 18668, 174, 28584, 105486, 39268, 92084, 111270, 133196, 107972, 25120, 31914, 1472, 28922, 19028, 175348, 234092, 9862, 106772, 31132, 104002, 48636, 15256, 135260, 126046, 212582, 12502, 41376, 15378, 100622, 22436, 227222, 67284, 203746, 4854, 118988, 138692, 257924, 6204, 158854, 103612, 30098, 92732, 156662, 56050, 45752, 15646, 231106, 34612, 186374, 101886, 29126, 43672, 21422, 3580, 51376, 165888, 110260, 45664, 257694, 139404, 80184, 12122]
*********************************************************************
Simulation Type:          Defender2000
Learning Time:            0 sec
---------------------------------------------------------------------
Avg steps:                69.345
Avg reward/step:          32.576
Avg null action ratio:    [1.0, 0.263]
Avg invalid actions:      [0.0, 0.0]

Min steps:                5
Max steps:                285

Defender wins:            0
Attacker wins:            200

Steps each sim:           [8, 66, 132, 6, 113, 49, 64, 17, 69, 95, 54, 34, 68, 79, 31, 147, 54, 73, 49, 181, 101, 76, 64, 123, 31, 22, 19, 39, 89, 86, 50, 58, 6, 68, 109, 63, 144, 9, 18, 57, 33, 126, 57, 30, 102, 83, 24, 76, 88, 51, 32, 120, 53, 42, 100, 154, 32, 50, 56, 35, 26, 166, 20, 217, 45, 55, 117, 238, 38, 15, 12, 94, 88, 12, 132, 62, 139, 37, 12, 184, 77, 29, 45, 112, 107, 154, 85, 77, 52, 37, 30, 79, 103, 27, 69, 25, 36, 43, 73, 34, 99, 35, 51, 59, 57, 124, 161, 80, 27, 124, 55, 25, 26, 45, 22, 62, 144, 46, 112, 22, 106, 109, 112, 71, 194, 99, 49, 125, 14, 78, 125, 140, 86, 52, 55, 12, 7, 110, 59, 30, 24, 44, 285, 62, 17, 39, 69, 16, 5, 33, 41, 42, 21, 37, 89, 26, 39, 38, 64, 46, 63, 104, 107, 36, 123, 56, 90, 86, 68, 73, 11, 57, 120, 62, 27, 129, 52, 37, 65, 181, 90, 85, 18, 27, 22, 100, 59, 82, 21, 31, 38, 17, 90, 206, 51, 34, 115, 35, 115, 72]
Reward each sim:          [-180, 2158, 3920, -300, 4108, 1868, 1996, 152, 2380, 2664, 1606, 786, 1688, 2422, 722, 5198, 1764, 2236, 1666, 6834, 3364, 2894, 2244, 4752, 674, 392, 464, 740, 3270, 2590, 1520, 2042, -246, 2172, 3186, 2334, 5418, -126, 356, 1696, 980, 4366, 1434, 662, 4072, 3254, 410, 1956, 3396, 1084, 424, 4360, 1500, 1062, 3576, 5754, 636, 1528, 1874, 842, 720, 5308, 272, 7818, 1186, 1524, 3796, 7740, 1122, 174, 100, 2852, 3436, 54, 5074, 2530, 5016, 856, -244, 5820, 2556, 754, 1074, 3958, 3766, 6590, 3028, 2308, 1590, 872, 604, 3018, 3738, 732, 2390, 664, 960, 1074, 2320, 798, 3428, 1194, 1680, 1802, 2078, 3960, 5030, 3034, 238, 4652, 1764, 316, 314, 1834, 532, 1778, 4986, 1388, 3946, 592, 3854, 3572, 3704, 2210, 7014, 3690, 1318, 4170, 128, 2616, 4754, 5474, 2678, 1636, 1678, -96, -190, 3928, 1710, 756, 406, 1230, 10960, 2124, 152, 1236, 2344, 240, -304, 878, 1298, 1450, 282, 1168, 2672, 620, 1042, 1074, 2242, 1242, 2380, 3874, 4058, 1206, 3700, 1824, 3066, 2916, 2374, 2466, -6, 1486, 4472, 1588, 732, 3996, 1848, 1068, 2200, 7212, 3822, 2670, 10, 680, 538, 3796, 2002, 3058, 32, 814, 928, 48, 3166, 8268, 1988, 1032, 3878, 1092, 3196, 2266]
*********************************************************************
Simulation Type:          Random
Learning Time:            0 sec
---------------------------------------------------------------------
Avg steps:                53.57
Avg reward/step:          25.825
Avg null action ratio:    [1.0, 0.338]
Avg invalid actions:      [0.0, 0.0]

Min steps:                6
Max steps:                243

Defender wins:            0
Attacker wins:            200

Steps each sim:           [144, 17, 33, 123, 30, 8, 22, 20, 52, 12, 40, 32, 55, 38, 14, 8, 167, 60, 33, 59, 37, 9, 19, 23, 83, 14, 34, 66, 30, 65, 150, 18, 44, 19, 136, 10, 14, 81, 69, 61, 33, 107, 26, 53, 73, 71, 58, 91, 50, 59, 101, 25, 30, 18, 58, 75, 85, 48, 82, 50, 178, 129, 28, 15, 33, 40, 93, 34, 41, 49, 67, 142, 27, 13, 24, 6, 35, 32, 48, 54, 24, 24, 31, 16, 90, 41, 9, 47, 43, 81, 51, 75, 60, 129, 118, 76, 137, 15, 41, 50, 57, 11, 9, 33, 96, 22, 24, 9, 92, 106, 10, 98, 39, 68, 7, 64, 59, 43, 190, 66, 50, 12, 126, 35, 30, 19, 16, 20, 90, 49, 28, 174, 78, 10, 12, 30, 59, 7, 77, 12, 16, 53, 28, 6, 23, 38, 57, 81, 120, 149, 12, 48, 90, 42, 29, 32, 27, 31, 11, 96, 40, 28, 14, 84, 8, 25, 104, 111, 98, 12, 61, 99, 56, 46, 20, 55, 32, 64, 243, 45, 94, 30, 57, 61, 20, 107, 76, 34, 27, 98, 29, 33, 42, 97, 50, 105, 24, 50, 7, 14]
Reward each sim:          [4242, 246, 482, 4102, 662, -130, 292, 134, 1158, 4, 746, 522, 1718, 836, -22, -228, 4914, 1816, 1028, 1646, 1122, -118, 66, 500, 2120, -76, 548, 2226, 666, 1570, 4848, 56, 1282, 266, 5214, -116, 74, 1664, 1988, 2024, 840, 2662, 436, 1622, 2490, 2266, 1550, 2676, 1342, 1674, 2424, 518, 412, 154, 1512, 2060, 2880, 1376, 2004, 1184, 4434, 3948, 696, 228, 490, 800, 2106, 792, 1350, 1184, 1826, 4868, 486, 112, 262, -244, 946, 1026, 1462, 1028, 560, 606, 768, 238, 2774, 802, -116, 1260, 880, 2152, 1386, 2356, 1772, 4208, 2908, 2354, 4526, 78, 1052, 1294, 1684, -160, -72, 834, 2982, 344, 562, -122, 3148, 3568, -114, 2492, 838, 1596, -240, 1356, 1704, 986, 5756, 1722, 1184, 56, 3832, 746, 762, 20, 236, 470, 2586, 1066, 538, 5346, 2640, -164, -150, 316, 1460, -240, 2130, 4, 94, 1262, 746, -248, 392, 686, 1636, 2136, 3200, 4434, -92, 1156, 2382, 1262, 662, 980, 478, 572, -4, 3636, 896, 640, 72, 1980, -174, 322, 2908, 2926, 2662, -250, 1672, 2708, 1588, 1542, 30, 1734, 730, 2002, 6880, 1386, 2012, 414, 1138, 1670, 184, 2692, 2254, 694, 488, 2952, 314, 740, 1116, 2892, 1440, 2910, 460, 1288, -240, 118]
*********************************************************************
Simulation Type:          Static
Learning Time:            0 sec
---------------------------------------------------------------------
Avg steps:                21.635
Avg reward/step:          7.654
Avg null action ratio:    [1.0, 1.0]
Avg invalid actions:      [0.0, 0.0]

Min steps:                5
Max steps:                78

Defender wins:            0
Attacker wins:            200

Steps each sim:           [5, 41, 13, 6, 28, 20, 15, 16, 11, 6, 10, 35, 20, 11, 10, 8, 40, 15, 6, 13, 30, 59, 21, 34, 30, 31, 18, 34, 22, 33, 20, 25, 43, 6, 6, 22, 18, 31, 23, 35, 28, 6, 6, 28, 63, 15, 16, 20, 40, 26, 12, 12, 16, 26, 15, 18, 8, 26, 8, 7, 15, 6, 50, 11, 35, 22, 6, 25, 9, 7, 7, 22, 11, 44, 19, 22, 22, 13, 18, 14, 13, 6, 37, 17, 30, 24, 20, 10, 26, 26, 26, 35, 24, 38, 14, 11, 27, 15, 43, 9, 22, 7, 29, 78, 32, 14, 12, 11, 6, 38, 18, 32, 7, 17, 8, 8, 22, 21, 10, 18, 10, 27, 25, 62, 21, 24, 8, 10, 24, 21, 44, 21, 31, 20, 14, 14, 9, 21, 17, 26, 23, 32, 24, 38, 26, 9, 9, 19, 60, 23, 13, 27, 21, 20, 6, 19, 52, 30, 17, 21, 20, 7, 26, 33, 8, 7, 20, 11, 44, 30, 43, 8, 12, 55, 5, 18, 12, 6, 23, 26, 24, 50, 8, 22, 20, 12, 6, 43, 37, 56, 12, 13, 37, 10, 29, 19, 7, 31, 14, 20]
Reward each sim:          [-300, 860, -220, -240, 280, 100, 150, -190, -290, -240, -100, 650, 100, -40, -200, -170, 800, 50, -240, 80, 450, 1340, 110, 690, 700, 610, -20, 640, 70, 430, 300, 0, 880, -240, -290, 170, 230, 510, -220, 400, 630, -240, -240, 280, 1430, -150, -190, 100, 350, 610, -30, -80, 210, 560, -150, 280, -220, 110, -170, -180, -200, -240, 1100, -190, 550, 320, -240, 200, -110, -230, -180, 270, -140, 890, -260, 170, 20, -220, 180, 140, -120, -240, 620, 320, 400, 490, 50, -300, 310, 160, 10, 700, 290, 630, 90, -90, 70, 50, 380, -160, 170, -180, 390, 1630, 20, -10, -230, -240, -240, 680, 180, 370, -230, -280, -170, -270, 220, 110, -200, 80, -200, 670, 100, 1320, 160, 440, -220, -200, 290, 10, 740, -140, 210, 0, 90, 140, -160, 310, -30, 410, -20, 670, 440, 530, 310, -160, -210, 290, 1300, 430, -170, 320, 10, 200, -290, 140, 720, 200, -130, -290, 300, -180, 610, 580, -170, -230, -150, -290, 640, 850, 380, -170, -330, 1200, -300, -220, -30, -240, 380, 260, 90, 950, -170, 470, 250, -130, -240, 630, 420, 1210, -280, 80, 370, -150, 690, 40, -230, 260, -110, 50]
*********************************************************************
PPO is the most effective algorithm with 1781.525 avg steps.
PPO is the most efficient algorithm with 51.311 avg reward/step.
