*********************************************************************
Starting Simulation Types: A2C, PPO, Defender2000, Random, Static
Simulations per Type:      200
Steps per Simulation:      5000
---------------------------------------------------------------------
Graph Name:                simple_webservice
Attack Name:               professional
Only Nodes:                True
Only Detection Systems:    False
Nodes Pause:               1
Detection Systems Pause:   1
*********************************************************************
Simulation Type:          A2C
Learning Time:            105.6 sec
---------------------------------------------------------------------
Avg steps:                4963.765
Avg reward/step:          20.078
Avg null action ratio:    [0.0, 1.0]
Avg invalid actions:      [0.0, 0.0]

Min steps:                1741
Max steps:                5000

Defender wins:            196
Attacker wins:            4

Steps each sim:           [5000, 5000, 5000, 5000, 5000, 5000, 5000, 5000, 5000, 5000, 5000, 5000, 5000, 5000, 5000, 5000, 5000, 5000, 5000, 5000, 5000, 5000, 5000, 5000, 5000, 5000, 5000, 5000, 5000, 5000, 5000, 5000, 5000, 5000, 5000, 5000, 5000, 5000, 5000, 5000, 5000, 5000, 5000, 5000, 5000, 5000, 5000, 5000, 5000, 5000, 5000, 5000, 5000, 5000, 5000, 5000, 5000, 5000, 5000, 5000, 5000, 5000, 5000, 5000, 5000, 5000, 1741, 3937, 5000, 5000, 5000, 5000, 5000, 5000, 5000, 5000, 5000, 5000, 5000, 5000, 5000, 5000, 5000, 5000, 5000, 5000, 5000, 5000, 5000, 5000, 5000, 5000, 5000, 5000, 5000, 5000, 5000, 5000, 5000, 5000, 5000, 5000, 5000, 5000, 5000, 5000, 5000, 5000, 5000, 5000, 5000, 5000, 5000, 5000, 5000, 5000, 5000, 5000, 5000, 5000, 4660, 5000, 5000, 5000, 5000, 5000, 2415, 5000, 5000, 5000, 5000, 5000, 5000, 5000, 5000, 5000, 5000, 5000, 5000, 5000, 5000, 5000, 5000, 5000, 5000, 5000, 5000, 5000, 5000, 5000, 5000, 5000, 5000, 5000, 5000, 5000, 5000, 5000, 5000, 5000, 5000, 5000, 5000, 5000, 5000, 5000, 5000, 5000, 5000, 5000, 5000, 5000, 5000, 5000, 5000, 5000, 5000, 5000, 5000, 5000, 5000, 5000, 5000, 5000, 5000, 5000, 5000, 5000, 5000, 5000, 5000, 5000, 5000, 5000, 5000, 5000, 5000, 5000, 5000, 5000]
Reward each sim:          [97700, 99050, 101550, 101100, 96950, 100300, 102000, 97950, 99800, 97650, 100750, 100700, 101450, 101400, 100350, 100800, 102550, 97850, 99200, 97805, 97600, 102400, 101100, 101950, 98500, 100050, 98600, 103200, 98250, 100350, 102300, 100500, 99850, 102550, 101900, 98100, 101450, 99650, 98850, 104550, 102200, 102400, 101650, 100300, 98905, 97800, 98550, 101500, 100150, 104050, 99700, 99000, 99950, 102200, 97900, 100100, 102500, 101300, 101600, 99500, 100100, 102050, 100150, 102500, 100900, 103250, 36055, 78285, 101650, 99000, 99800, 99950, 102250, 98900, 98750, 100550, 101900, 100600, 98800, 99400, 99600, 102350, 102300, 100550, 101100, 100300, 99500, 102550, 101550, 100300, 101550, 98950, 99200, 102200, 101100, 101050, 100950, 98800, 100200, 100350, 100200, 100550, 97650, 99950, 99600, 98600, 100650, 99050, 102105, 100250, 100350, 98950, 99750, 99150, 104550, 100100, 101750, 102450, 103000, 101050, 91005, 99900, 101050, 101250, 100550, 101950, 48025, 101150, 101755, 100600, 100100, 100700, 97750, 99850, 101700, 99650, 100250, 101400, 99900, 101250, 98450, 102650, 102050, 100850, 99650, 101250, 100450, 100100, 96700, 102000, 98600, 101050, 102100, 101150, 102150, 97100, 100200, 99750, 98600, 98050, 102450, 100505, 98800, 98350, 100550, 101450, 100350, 99250, 98750, 99850, 101200, 100600, 99450, 101600, 98500, 98200, 99700, 99200, 100250, 101750, 100300, 102450, 100650, 102050, 102300, 101550, 101850, 99150, 98450, 101050, 100150, 101100, 100200, 98700, 101050, 100950, 99500, 102300, 97250, 99150]
*********************************************************************
Simulation Type:          PPO
Learning Time:            233.6 sec
---------------------------------------------------------------------
Avg steps:                244.92
Avg reward/step:          3.487
Avg null action ratio:    [0.034, 1.0]
Avg invalid actions:      [0.0, 0.0]

Min steps:                5
Max steps:                928

Defender wins:            0
Attacker wins:            200

Steps each sim:           [197, 308, 577, 101, 5, 129, 344, 265, 33, 174, 36, 203, 147, 47, 77, 61, 161, 291, 42, 136, 73, 218, 184, 494, 343, 194, 340, 327, 73, 121, 372, 113, 397, 217, 297, 684, 128, 723, 313, 206, 40, 204, 127, 36, 158, 425, 530, 228, 332, 360, 105, 32, 752, 72, 82, 334, 101, 87, 125, 586, 259, 126, 284, 254, 456, 141, 88, 588, 98, 153, 130, 164, 139, 32, 97, 214, 98, 928, 479, 145, 89, 176, 275, 297, 118, 223, 419, 482, 545, 352, 64, 50, 59, 278, 276, 111, 65, 274, 361, 233, 25, 362, 544, 273, 75, 287, 65, 253, 406, 24, 342, 489, 143, 139, 206, 298, 165, 638, 191, 16, 39, 501, 723, 143, 254, 351, 250, 110, 171, 430, 122, 270, 148, 107, 35, 431, 79, 141, 783, 367, 448, 140, 93, 549, 80, 776, 313, 52, 111, 67, 148, 661, 222, 119, 79, 116, 70, 130, 179, 219, 301, 224, 297, 389, 244, 283, 117, 500, 309, 76, 569, 191, 141, 282, 250, 395, 78, 110, 395, 377, 17, 324, 648, 368, 166, 260, 98, 59, 145, 410, 45, 180, 357, 276, 400, 205, 8, 760, 193, 82]
Reward each sim:          [570, -2985, 1415, 605, -325, 1170, 4005, 810, -275, 410, -965, -915, -3265, 900, -95, 1120, 1040, -2070, 470, 1210, 980, 1735, 250, 4580, -1650, -660, 4760, 1555, -1330, 1270, -2845, -670, 3950, 255, -2340, 3410, 615, 6635, 4195, 2525, 705, -360, -1265, 195, 1390, -240, 6595, 1170, 3250, 2025, -1560, 365, 1105, -325, -70, 350, -275, 550, 745, -4665, 2235, -395, 6655, 4495, 335, 1780, -1455, -840, -2355, 450, -90, 1365, 1760, -385, 765, 2575, -10, 5995, 2985, -260, -2305, -2255, 1720, -2215, 1300, 2635, -2055, 4555, -2760, 4620, 325, -335, 665, -5535, 1100, 1180, -725, 4030, 3290, 3415, -425, 155, 6625, 2435, 1105, 2000, 290, 1080, 1815, -630, -1035, -2775, 1765, 1790, -745, 135, 1965, 6485, 995, -415, -195, 5340, 6000, 2720, -35, 2340, 280, 1175, 125, 2105, -1435, -6495, -2795, -590, 380, 3035, -1035, -1785, 8800, 3400, -3230, 1825, 1095, 1165, 15, 625, 2920, -440, 385, 750, 1260, -4195, 1085, -395, -2005, 200, 1180, -2640, 2225, 1440, -450, -1000, 3615, -5385, 2025, -2205, -995, 4670, 5385, 855, 4505, -2430, 2085, 5105, 1515, 1385, -2210, 1330, 4005, 4120, 195, 3000, -1110, 1645, 2180, 1945, 1315, 705, 1670, -4365, -875, -160, 4600, -625, -1945, 3115, -310, 9435, 1695, -430]
*********************************************************************
Simulation Type:          Defender2000
Learning Time:            0 sec
---------------------------------------------------------------------
Avg steps:                34.65
Avg reward/step:          11.048
Avg null action ratio:    [0.086, 1.0]
Avg invalid actions:      [0.0, 0.0]

Min steps:                5
Max steps:                133

Defender wins:            0
Attacker wins:            200

Steps each sim:           [6, 7, 60, 81, 22, 45, 65, 8, 6, 120, 15, 15, 8, 7, 6, 30, 66, 24, 43, 49, 13, 31, 9, 20, 67, 30, 21, 35, 79, 39, 65, 47, 34, 43, 21, 20, 56, 70, 46, 8, 37, 32, 30, 17, 24, 66, 12, 24, 11, 29, 36, 67, 9, 27, 7, 30, 67, 50, 13, 71, 31, 14, 12, 5, 12, 14, 18, 22, 55, 67, 26, 35, 6, 16, 39, 133, 9, 36, 87, 28, 18, 36, 67, 8, 75, 10, 7, 16, 46, 40, 72, 33, 25, 7, 74, 10, 104, 48, 43, 23, 85, 67, 46, 77, 24, 78, 49, 56, 23, 6, 11, 32, 9, 35, 7, 20, 26, 28, 19, 30, 52, 20, 17, 36, 6, 59, 60, 45, 29, 68, 62, 46, 7, 20, 25, 12, 10, 35, 31, 98, 49, 17, 21, 8, 8, 47, 18, 17, 21, 61, 22, 54, 39, 14, 15, 36, 14, 11, 14, 13, 17, 15, 78, 13, 14, 24, 45, 60, 9, 39, 65, 5, 13, 68, 76, 130, 26, 21, 37, 9, 19, 46, 63, 17, 26, 15, 20, 34, 110, 13, 6, 45, 72, 31, 18, 19, 13, 25, 47, 39]
Reward each sim:          [-270, -315, 765, 1590, 75, 795, 1550, -155, -265, 2385, -170, 125, -245, -260, -265, -230, 805, 220, 645, 600, 15, 370, -150, -245, 1060, 505, 270, 380, 1130, 730, 1305, 670, 480, 630, -290, 275, 795, 540, 745, -205, 595, 365, 115, 45, 25, 820, -140, 30, -290, 550, 590, 1520, -95, 485, -255, 715, 1060, 780, 25, 755, 280, 70, -240, -320, -340, -80, -100, -75, 1150, 910, 400, 450, -260, -565, 370, 2360, -205, 450, 1190, 310, -200, 545, 1480, -310, 1640, -135, -250, 90, 650, 660, 535, 275, 185, -265, 1585, -140, 2020, 210, 575, 120, 1875, 605, 550, 1900, 330, 820, 705, 710, 30, -265, -90, 370, -150, 490, -260, 0, 250, 205, -40, 420, 420, -140, 155, 350, -270, 805, 1215, 540, 610, 1420, 1490, 755, -260, 260, -375, -85, -345, 275, 225, 2500, 660, 95, -330, -355, -355, 740, -55, -60, 210, 1020, 420, 1460, 465, 75, 75, 395, -210, -145, -130, -175, -95, -215, 1405, -225, -175, -115, 665, 665, -150, 395, 1195, -325, -235, 560, 1000, 2850, -135, 105, 345, -350, 250, 1090, 1425, -115, -55, -315, 305, 585, 2210, -135, -270, 595, 1655, 575, -105, 100, -325, 380, 235, 405]
*********************************************************************
Simulation Type:          Random
Learning Time:            0 sec
---------------------------------------------------------------------
Avg steps:                29.07
Avg reward/step:          8.068
Avg null action ratio:    [0.127, 1.0]
Avg invalid actions:      [0.0, 0.0]

Min steps:                6
Max steps:                136

Defender wins:            0
Attacker wins:            200

Steps each sim:           [6, 43, 31, 9, 38, 23, 17, 62, 30, 15, 62, 12, 15, 40, 33, 39, 7, 15, 8, 18, 17, 31, 115, 35, 58, 24, 10, 16, 22, 24, 15, 72, 14, 54, 36, 39, 12, 26, 6, 11, 17, 32, 15, 8, 8, 29, 23, 52, 72, 16, 33, 31, 46, 16, 37, 29, 22, 35, 10, 18, 26, 15, 36, 23, 31, 30, 71, 42, 72, 6, 14, 25, 19, 18, 25, 30, 7, 31, 6, 34, 39, 15, 18, 38, 9, 62, 27, 9, 45, 6, 9, 68, 38, 59, 63, 15, 22, 10, 23, 20, 32, 21, 30, 38, 22, 20, 33, 14, 9, 41, 48, 51, 21, 7, 18, 47, 47, 17, 74, 34, 20, 29, 8, 55, 25, 14, 9, 66, 13, 28, 27, 20, 36, 41, 41, 15, 14, 15, 14, 51, 39, 23, 136, 47, 11, 14, 98, 30, 46, 16, 42, 34, 10, 36, 13, 58, 8, 22, 44, 8, 35, 19, 15, 11, 37, 14, 33, 40, 23, 33, 35, 13, 48, 44, 14, 18, 10, 44, 12, 12, 25, 18, 20, 39, 29, 14, 38, 15, 39, 43, 34, 36, 41, 19, 42, 7, 9, 15, 22, 34]
Reward each sim:          [-270, 480, 450, -195, 330, -175, -5, 1040, 310, -10, 695, -335, 140, 690, 30, 160, -210, -10, -305, 100, 95, 220, 1370, 335, 445, 245, -145, -105, 215, -330, -255, 985, -325, 990, 825, 165, -135, 55, -265, -90, 5, -70, -220, -210, -160, 555, 325, 480, 1250, -255, 435, 715, 470, -5, 420, 105, 125, 355, -90, -105, 50, -265, 295, -75, 420, 675, 1485, 585, 1025, -270, -315, 155, 150, -410, 140, 165, -210, 410, -270, 250, 755, 30, -100, 615, -150, 1005, 250, -195, 805, -365, -200, 1285, 410, 490, 765, -10, 130, -295, 85, -40, -20, 60, 460, 550, 85, -200, 385, -170, -250, 330, 470, 1125, 330, -210, 100, 415, 580, -155, 1025, 80, 210, -85, -200, 1160, 150, -180, -150, 720, 30, 150, -95, -40, 380, 525, 840, 80, -160, 25, -220, 930, 305, 380, 3180, 925, -340, -25, 2350, 385, 655, 30, 580, 380, -250, 150, -160, 790, -455, 265, 260, -205, 140, 110, -165, -240, 310, 75, 190, 615, 330, 635, 295, -80, 1380, 685, -130, 205, -135, 340, -370, -140, 305, 5, -195, 270, 365, 35, 460, -60, 560, 730, 480, 265, 730, -235, 635, -205, -95, -60, 170, -155]
*********************************************************************
Simulation Type:          Static
Learning Time:            0 sec
---------------------------------------------------------------------
Avg steps:                22.07
Avg reward/step:          8.346
Avg null action ratio:    [1.0, 1.0]
Avg invalid actions:      [0.0, 0.0]

Min steps:                5
Max steps:                94

Defender wins:            0
Attacker wins:            200

Steps each sim:           [22, 31, 6, 22, 10, 12, 30, 24, 9, 16, 34, 14, 29, 41, 16, 36, 8, 21, 21, 31, 19, 46, 23, 39, 13, 8, 15, 7, 30, 17, 12, 31, 25, 9, 26, 42, 51, 19, 13, 40, 35, 26, 25, 32, 23, 36, 38, 34, 10, 23, 14, 23, 43, 26, 10, 14, 23, 26, 10, 20, 13, 11, 17, 28, 37, 48, 10, 29, 16, 6, 12, 9, 24, 14, 34, 33, 41, 31, 19, 25, 19, 17, 10, 24, 33, 23, 20, 33, 12, 7, 11, 14, 30, 22, 9, 25, 26, 71, 15, 10, 7, 18, 32, 52, 6, 28, 24, 8, 22, 20, 12, 94, 19, 9, 16, 29, 32, 36, 20, 13, 35, 22, 15, 78, 23, 43, 20, 9, 14, 26, 16, 21, 15, 41, 16, 5, 5, 10, 8, 7, 27, 13, 8, 18, 12, 28, 24, 23, 49, 10, 25, 10, 24, 8, 22, 11, 7, 18, 18, 34, 37, 15, 23, 28, 26, 18, 36, 30, 19, 9, 15, 24, 23, 7, 13, 23, 5, 17, 22, 16, 15, 45, 7, 33, 8, 44, 23, 9, 10, 22, 7, 14, 25, 25, 24, 14, 11, 27, 26, 7]
Reward each sim:          [120, 460, -240, 220, -300, -80, 400, 340, -260, -240, 390, 90, 440, 960, -40, 660, -220, 110, -140, 510, 90, 1210, 130, 90, -220, -170, 150, -230, 350, 320, 20, 60, 200, -160, 310, 720, 910, 240, -220, 700, 700, 260, 150, 820, 380, 510, 630, 640, -300, 230, -160, 180, 480, 260, -100, 90, -170, 360, -100, 250, -170, -290, -230, 630, 670, 1080, -200, 90, -190, -240, 20, -160, 340, -110, 390, 480, 1110, 260, 140, 200, 90, 120, -50, 190, 430, 580, 350, 630, 20, -180, -90, -160, 200, 420, -210, 400, 310, 1510, 0, -50, -180, 280, 520, 1020, -240, 380, 240, -270, 220, 50, -230, 2140, 240, -110, -90, -110, 520, 610, 350, 80, 200, 120, 150, 1730, 330, 830, 100, -210, -60, 160, 210, 210, -200, 860, 160, -300, -300, -150, -170, -230, 370, -120, -170, 230, -330, 130, 490, 430, 740, -100, 250, -300, 140, -170, 220, 10, -230, 80, 80, 590, 720, 150, 230, 430, -90, 280, 760, 400, 290, -110, -150, 240, 280, -230, -120, 330, -300, -230, 220, 110, -300, 700, -230, 630, -170, 640, 80, -210, -300, -80, -230, -160, 250, 250, 40, -60, -290, 370, 560, -180]
*********************************************************************
A2C is the most effective algorithm with 4963.765 avg steps.
A2C is the most efficient algorithm with 20.078 avg reward/step.
