*********************************************************************
Starting Simulation Types: A2C, PPO, Defender2000, Random, Static
Simulations per Type:      200
Steps per Simulation:      5000
---------------------------------------------------------------------
Graph Name:                simple_webservice
Attack Name:               professional
Only Nodes:                True
Only Detection Systems:    False
Nodes Pause:               1
Detection Systems Pause:   1
*********************************************************************
Simulation Type:          A2C
Learning Time:            16.1 sec
---------------------------------------------------------------------
Avg steps:                29.285
Avg reward/step:          8.381
Avg null action ratio:    [0.166, 1.0]
Avg invalid actions:      [0.0, 0.0]

Min steps:                5
Max steps:                104

Defender wins:            0
Attacker wins:            200

Steps each sim:           [39, 52, 23, 44, 17, 55, 9, 17, 51, 35, 15, 27, 17, 7, 7, 65, 55, 6, 24, 31, 32, 26, 14, 15, 17, 43, 65, 18, 22, 7, 47, 24, 9, 26, 13, 23, 7, 9, 12, 33, 11, 34, 12, 28, 37, 35, 19, 26, 39, 6, 9, 38, 12, 52, 10, 12, 27, 57, 14, 11, 24, 12, 41, 8, 10, 31, 11, 60, 7, 29, 36, 16, 8, 13, 18, 33, 45, 19, 16, 81, 27, 31, 38, 22, 20, 27, 98, 45, 29, 29, 30, 39, 18, 37, 29, 12, 21, 46, 40, 8, 31, 89, 50, 22, 24, 10, 18, 40, 7, 32, 7, 82, 60, 30, 15, 23, 45, 23, 18, 12, 34, 16, 67, 73, 30, 39, 8, 11, 6, 45, 7, 46, 78, 39, 27, 7, 14, 38, 100, 7, 6, 41, 17, 44, 80, 16, 15, 21, 42, 13, 20, 19, 50, 9, 49, 18, 80, 11, 45, 6, 17, 34, 97, 15, 58, 18, 28, 18, 14, 104, 13, 37, 13, 12, 28, 6, 26, 37, 8, 14, 56, 28, 32, 24, 35, 12, 16, 5, 78, 32, 74, 21, 28, 14, 7, 67, 33, 28, 19, 8]
Reward each sim:          [815, 940, 35, 810, -250, 650, -250, 20, 685, 650, 130, 275, -10, -360, -265, 675, 1150, -255, 380, 685, 60, -5, -175, 50, 190, 600, 1275, 205, -20, -305, 910, -270, -245, 415, -70, 240, -215, -200, -285, 340, -90, 155, -260, -145, 625, 610, 205, 35, 720, -415, -145, 435, -75, 500, -345, 15, 510, 385, -65, -295, 450, -330, 725, -305, -250, 340, -140, 1315, -210, 110, 515, 45, -155, -65, 100, 240, 260, 95, -295, 1785, 355, 170, 240, 325, -185, 155, 1870, 610, 470, -15, 220, -125, -450, 300, 410, -135, -380, 420, 185, -310, -225, 1675, 700, -5, 130, -290, -450, 515, -205, 735, -255, 1370, 615, 275, 145, 245, 375, 25, -290, -265, 600, -205, 1125, 1000, 375, 280, -260, -85, -265, 200, -260, 375, 1790, 440, 395, -200, -265, 465, 1705, -265, -260, 485, -345, 810, 1885, 55, -160, 220, 705, -120, 170, -335, 890, -190, 385, -345, 1600, -340, 695, -270, -65, 785, 1910, -445, 1330, -55, 210, -80, -270, 2105, -265, 525, -25, -290, -440, -270, 450, 460, -155, -165, 1130, 305, 495, 210, -95, -130, -115, -315, 1080, 290, 2225, 320, 245, 35, -215, 1285, 340, 10, -90, -200]
*********************************************************************
Simulation Type:          PPO
Learning Time:            20.9 sec
---------------------------------------------------------------------
Avg steps:                46.575
Avg reward/step:          11.261
Avg null action ratio:    [0.07, 1.0]
Avg invalid actions:      [0.0, 0.0]

Min steps:                5
Max steps:                128

Defender wins:            0
Attacker wins:            200

Steps each sim:           [43, 39, 26, 73, 29, 33, 11, 75, 25, 22, 27, 25, 23, 53, 58, 86, 22, 58, 85, 56, 16, 93, 116, 67, 93, 52, 53, 64, 19, 11, 40, 77, 113, 56, 128, 77, 50, 88, 60, 57, 111, 114, 115, 24, 29, 79, 36, 14, 37, 12, 80, 103, 29, 25, 6, 59, 77, 56, 11, 71, 57, 48, 21, 15, 49, 58, 47, 56, 20, 19, 66, 41, 70, 11, 48, 5, 19, 19, 77, 59, 21, 28, 37, 120, 61, 57, 93, 27, 24, 14, 61, 72, 51, 13, 100, 42, 43, 50, 47, 37, 42, 24, 65, 23, 29, 107, 26, 10, 48, 22, 22, 60, 93, 92, 42, 66, 14, 21, 6, 27, 63, 10, 36, 20, 38, 5, 35, 60, 77, 34, 54, 8, 43, 82, 97, 69, 6, 40, 76, 39, 18, 15, 20, 46, 31, 23, 70, 73, 14, 64, 91, 18, 96, 82, 7, 107, 23, 65, 23, 41, 22, 29, 23, 81, 94, 16, 41, 41, 35, 13, 82, 28, 26, 71, 37, 40, 20, 52, 80, 84, 10, 37, 79, 7, 12, 30, 37, 64, 50, 8, 11, 12, 64, 42, 11, 44, 69, 10, 8, 47]
Reward each sim:          [-330, 365, -10, 1250, 355, -20, -145, 895, 445, -25, 240, 180, -525, 990, 995, 1210, 60, 1090, 765, 980, -160, 1330, 1260, 1645, 1540, 925, 725, 555, 250, -240, 475, 1460, 2195, 1000, 2975, 1705, 565, 2165, 975, 325, 2135, 2010, 1370, 120, 255, 575, 285, -220, 395, -40, 1130, 2610, 65, 280, -270, 790, 1310, 1010, -145, 895, 1255, 0, 210, -375, 610, 1055, 795, 45, 65, -5, 845, 215, 1520, -90, 400, -325, -50, -345, 1505, 1125, 70, -5, 290, 1320, -10, 360, 1185, -315, 340, -275, 745, 580, 670, -385, 1345, 385, 540, 1120, 915, -345, 670, 270, 1000, -35, 200, 2105, 90, -150, 55, -75, -590, 570, 1495, 1130, 980, 1240, -25, 215, -270, -5, 495, -300, 740, -95, -5, -325, 590, 1365, 1660, 390, 970, -205, 535, 85, 1180, 1010, -265, 665, 1300, 5, -110, -325, -195, 85, 510, 270, 1130, 885, 70, 1240, 1845, 245, 2115, 1080, -210, 1495, 65, 1265, -325, 455, -30, -555, -80, 1995, 1470, -120, 130, 170, 685, -185, 550, -295, 35, 1575, 160, 770, 105, 770, 1575, 815, -145, 445, 1130, -215, -140, 170, 100, 805, 805, -260, -245, -275, 640, 420, -290, 180, 55, -250, -305, 495]
*********************************************************************
Simulation Type:          Defender2000
Learning Time:            0 sec
---------------------------------------------------------------------
Avg steps:                35.345
Avg reward/step:          11.4
Avg null action ratio:    [0.085, 1.0]
Avg invalid actions:      [0.0, 0.0]

Min steps:                6
Max steps:                177

Defender wins:            0
Attacker wins:            200

Steps each sim:           [23, 18, 62, 42, 8, 17, 19, 7, 21, 25, 35, 54, 13, 70, 6, 94, 48, 37, 57, 11, 33, 10, 26, 177, 81, 106, 87, 14, 46, 50, 10, 11, 48, 21, 43, 6, 54, 81, 6, 41, 22, 27, 17, 39, 16, 28, 35, 34, 8, 26, 49, 65, 17, 31, 45, 34, 34, 27, 15, 43, 9, 56, 34, 46, 54, 61, 46, 6, 29, 45, 10, 31, 8, 25, 68, 58, 47, 20, 36, 20, 62, 64, 31, 62, 34, 37, 52, 27, 40, 12, 91, 45, 45, 51, 45, 21, 10, 20, 80, 29, 30, 40, 45, 22, 36, 61, 37, 43, 33, 17, 60, 33, 26, 8, 76, 8, 63, 6, 14, 11, 58, 16, 9, 9, 67, 12, 34, 21, 83, 30, 73, 61, 37, 14, 154, 14, 15, 39, 15, 6, 9, 17, 7, 61, 11, 24, 14, 48, 11, 36, 41, 21, 8, 17, 44, 19, 70, 17, 54, 12, 17, 13, 7, 23, 14, 45, 26, 27, 19, 55, 33, 48, 39, 30, 71, 93, 33, 10, 30, 40, 23, 57, 6, 24, 33, 17, 10, 40, 99, 30, 7, 8, 103, 14, 52, 20, 9, 22, 25, 23]
Reward each sim:          [270, 100, 885, 220, -200, 95, 155, -265, 255, 40, 240, 740, -175, 1420, -270, 2065, 1070, 645, 505, -240, 135, -145, 400, 4750, 1290, 1975, 1890, -230, 400, 460, -245, -145, 495, 220, 530, -265, 440, 1685, -265, 660, 170, 85, -160, 800, -165, 205, 560, 440, -150, 145, 415, 1000, -205, 325, 1060, 175, 135, -15, 135, 185, -155, 845, 490, 400, 850, 1225, 850, -265, 165, 540, -295, 480, -205, -155, 920, 1305, 1045, 260, 445, 210, 1140, 1015, 230, 1045, -120, 245, 720, 345, 810, -180, 1495, 640, 825, 865, 795, 110, -240, 210, 1390, 620, 415, 420, 390, 165, 700, 575, 905, 680, 275, 245, 1070, 235, 290, -255, 1355, -350, 1175, -260, 25, -140, 1225, -5, -150, -145, 1770, -185, 225, 210, 1860, 205, 695, 650, 415, -120, 2785, 25, -125, -85, -375, -270, -155, -265, -355, 795, -90, 425, -130, 410, -240, 40, 635, 365, -355, -60, 1045, -400, 1380, 90, 745, -180, 190, -25, -260, 115, -430, 905, 480, 35, 55, 685, 425, 610, 450, 610, 960, 1950, -175, -95, 365, 260, -220, 805, -265, -20, 575, -155, -95, 530, 1740, 210, -265, -200, 1440, -230, 725, 110, -105, 415, 245, 375]
*********************************************************************
Simulation Type:          Random
Learning Time:            0 sec
---------------------------------------------------------------------
Avg steps:                28.16
Avg reward/step:          7.459
Avg null action ratio:    [0.121, 1.0]
Avg invalid actions:      [0.0, 0.0]

Min steps:                6
Max steps:                84

Defender wins:            0
Attacker wins:            200

Steps each sim:           [60, 42, 12, 30, 58, 9, 6, 36, 22, 7, 18, 42, 61, 23, 16, 31, 44, 23, 23, 8, 11, 45, 11, 34, 9, 33, 18, 25, 47, 10, 21, 39, 11, 8, 16, 16, 12, 37, 9, 54, 8, 33, 33, 40, 41, 57, 11, 43, 7, 15, 16, 33, 31, 27, 38, 47, 13, 58, 16, 10, 8, 26, 15, 61, 6, 7, 68, 20, 24, 36, 36, 10, 7, 16, 24, 11, 21, 22, 10, 26, 82, 26, 56, 18, 21, 18, 26, 51, 10, 20, 76, 78, 9, 19, 10, 59, 43, 14, 30, 42, 40, 9, 42, 22, 17, 6, 75, 38, 10, 10, 15, 58, 10, 6, 39, 47, 38, 28, 23, 29, 30, 26, 18, 16, 34, 62, 25, 16, 29, 9, 27, 9, 13, 70, 72, 57, 10, 28, 36, 21, 19, 29, 78, 39, 25, 37, 25, 37, 19, 55, 38, 37, 39, 34, 35, 23, 20, 13, 22, 59, 22, 24, 15, 35, 44, 65, 25, 33, 31, 52, 25, 8, 16, 10, 14, 25, 20, 49, 9, 19, 16, 84, 9, 11, 29, 26, 7, 8, 45, 6, 22, 13, 16, 36, 35, 7, 7, 11, 33, 41]
Reward each sim:          [710, 745, 10, 260, 540, -240, -270, 490, -30, -215, -350, 180, 985, 330, -295, 425, 490, -70, -230, -210, -45, 440, -340, 490, -250, 495, -95, 180, 720, -145, 220, 660, -345, -205, -205, -260, -130, 255, -150, 1000, -200, 640, 225, 525, 645, 1515, -390, 390, -265, -265, -205, 395, 325, -195, 605, 855, -115, 725, 35, -195, -255, -90, 30, 1090, -260, -210, 1420, 210, 385, 360, 710, -150, -205, -105, -20, -35, 380, 70, -240, -110, 1515, 245, 955, -210, 225, -55, 300, 885, -145, 25, 1565, 1285, -155, -50, -250, 880, 1030, -20, 365, 475, 620, -300, 750, 175, 190, -270, 1125, 295, -195, -345, 40, 1275, -140, -260, 110, 550, 460, 360, 120, 275, 225, 350, -355, -115, 645, 1320, 255, -15, 455, -155, -190, -195, -225, 1200, 860, 650, -190, 250, 365, 20, -85, 150, 1175, 385, 245, 460, -210, 850, 300, 755, 555, 475, 360, 190, 50, -25, 55, -320, -330, 955, 375, 25, -220, -95, 645, 840, -10, 335, 480, 760, 180, -305, -315, -250, -220, 380, 320, 760, -450, -55, -105, 1620, -200, -90, 155, 40, -210, -300, 395, -270, -420, -325, -270, 115, 465, -265, -265, -340, 230, 455]
*********************************************************************
Simulation Type:          Static
Learning Time:            0 sec
---------------------------------------------------------------------
Avg steps:                22.01
Avg reward/step:          7.762
Avg null action ratio:    [1.0, 1.0]
Avg invalid actions:      [0.0, 0.0]

Min steps:                5
Max steps:                92

Defender wins:            0
Attacker wins:            200

Steps each sim:           [43, 17, 8, 7, 39, 45, 8, 11, 29, 16, 12, 17, 14, 27, 17, 19, 11, 31, 22, 8, 17, 29, 11, 25, 14, 16, 49, 9, 38, 8, 34, 46, 14, 17, 11, 48, 11, 23, 14, 16, 11, 8, 17, 10, 31, 57, 14, 92, 33, 38, 36, 6, 43, 17, 47, 5, 8, 13, 29, 18, 21, 9, 12, 9, 11, 14, 5, 7, 14, 24, 21, 24, 26, 6, 35, 19, 14, 29, 33, 45, 41, 43, 9, 46, 6, 36, 10, 31, 22, 36, 18, 23, 12, 31, 24, 6, 6, 17, 25, 19, 49, 35, 34, 37, 19, 17, 8, 9, 6, 20, 8, 21, 32, 33, 18, 9, 24, 9, 14, 28, 53, 26, 8, 29, 39, 10, 14, 9, 21, 21, 13, 31, 24, 51, 24, 24, 30, 7, 5, 24, 39, 29, 14, 22, 13, 23, 31, 36, 40, 16, 16, 9, 17, 67, 34, 9, 19, 11, 31, 5, 11, 14, 16, 23, 7, 6, 12, 7, 23, 51, 22, 11, 10, 38, 17, 27, 18, 10, 36, 23, 19, 47, 18, 11, 33, 18, 16, 25, 6, 20, 19, 11, 35, 11, 30, 20, 24, 11, 29, 20]
Reward each sim:          [980, -330, -220, -280, 840, 700, -170, -240, 640, 260, -280, 170, -160, 220, -180, 40, -290, 360, 420, -170, 170, 190, -290, 50, -260, -90, 840, -160, 630, -220, 640, 1060, -210, 320, -290, 780, -190, -220, -10, -190, -240, -170, 20, -100, 160, 1170, -260, 2720, 880, 780, 710, -240, 780, -130, 720, -300, -270, -270, 290, 130, 160, -160, -230, -210, -240, 90, -300, -180, -210, 540, -90, 240, 210, -240, 400, 140, -210, 340, 430, 1200, 560, 880, -210, 510, -240, 560, -300, 510, 470, 560, 280, -20, -30, 710, 140, -240, -240, 220, 200, 340, 940, 800, 140, 720, -10, -230, -270, -160, -240, -100, -170, 360, 470, 630, -220, -160, 140, -110, 90, 530, 1330, 260, -120, 190, 590, -300, -160, -60, -290, 10, 80, 510, -10, 1010, 40, 90, 500, -180, -300, 340, 390, 190, -160, 320, 80, 230, 660, 560, 900, 210, 160, -110, 120, 1370, 890, -160, -60, -240, 660, -300, -40, -160, 160, 380, -180, -240, -180, -230, -20, 860, 470, -240, -150, 530, -230, 220, 30, -200, 660, 30, -60, 620, -70, -240, 630, 280, -140, 400, -290, 300, -160, -140, 700, -290, 400, 100, 190, -90, 240, 350]
*********************************************************************
PPO is the most effective algorithm with 46.575 avg steps.
Defender2000 is the most efficient algorithm with 11.4 avg reward/step.
