*********************************************************************
Starting Simulation Types: A2C, PPO, Defender2000, Random, Static
Simulations per Type:      200
Steps per Simulation:      5000
---------------------------------------------------------------------
Graph Name:                simple_webservice
Attack Name:               professional
Only Nodes:                False
Only Prevention Systems:   True
Nodes Pause:               1
Prevention Systems Pause:  1
*********************************************************************
Simulation Type:          A2C
Learning Time:            8218.6 sec
---------------------------------------------------------------------
Avg steps:                5000.0
Avg reward/step:          57.554
Avg null action ratio:    [1.0, 0.0]
Avg invalid actions:      [0.0, 0.0]

Min steps:                5000
Max steps:                5000

Defender wins:            200
Attacker wins:            0

Steps each sim:           [5000, 5000, 5000, 5000, 5000, 5000, 5000, 5000, 5000, 5000, 5000, 5000, 5000, 5000, 5000, 5000, 5000, 5000, 5000, 5000, 5000, 5000, 5000, 5000, 5000, 5000, 5000, 5000, 5000, 5000, 5000, 5000, 5000, 5000, 5000, 5000, 5000, 5000, 5000, 5000, 5000, 5000, 5000, 5000, 5000, 5000, 5000, 5000, 5000, 5000, 5000, 5000, 5000, 5000, 5000, 5000, 5000, 5000, 5000, 5000, 5000, 5000, 5000, 5000, 5000, 5000, 5000, 5000, 5000, 5000, 5000, 5000, 5000, 5000, 5000, 5000, 5000, 5000, 5000, 5000, 5000, 5000, 5000, 5000, 5000, 5000, 5000, 5000, 5000, 5000, 5000, 5000, 5000, 5000, 5000, 5000, 5000, 5000, 5000, 5000, 5000, 5000, 5000, 5000, 5000, 5000, 5000, 5000, 5000, 5000, 5000, 5000, 5000, 5000, 5000, 5000, 5000, 5000, 5000, 5000, 5000, 5000, 5000, 5000, 5000, 5000, 5000, 5000, 5000, 5000, 5000, 5000, 5000, 5000, 5000, 5000, 5000, 5000, 5000, 5000, 5000, 5000, 5000, 5000, 5000, 5000, 5000, 5000, 5000, 5000, 5000, 5000, 5000, 5000, 5000, 5000, 5000, 5000, 5000, 5000, 5000, 5000, 5000, 5000, 5000, 5000, 5000, 5000, 5000, 5000, 5000, 5000, 5000, 5000, 5000, 5000, 5000, 5000, 5000, 5000, 5000, 5000, 5000, 5000, 5000, 5000, 5000, 5000, 5000, 5000, 5000, 5000, 5000, 5000, 5000, 5000, 5000, 5000, 5000, 5000]
Reward each sim:          [287700, 288200, 287800, 287850, 287350, 288000, 287550, 287900, 287350, 287850, 287800, 287700, 287650, 287500, 287500, 287000, 287950, 288300, 287950, 288150, 288050, 287400, 287600, 287650, 287750, 287650, 288200, 287300, 288050, 287450, 288200, 287350, 287700, 287900, 287250, 287900, 287850, 288150, 287850, 288100, 287700, 287350, 287150, 288000, 288250, 287950, 287550, 288000, 288600, 287750, 287400, 287750, 287700, 288200, 287950, 287700, 287550, 288050, 287200, 288300, 288250, 287900, 288200, 287600, 287650, 288000, 287900, 287700, 287500, 288350, 287850, 288100, 287950, 288100, 287900, 287400, 287500, 287600, 287850, 287450, 287100, 287800, 287450, 287900, 287250, 288050, 287650, 287150, 287550, 287500, 288050, 287650, 287900, 288000, 287650, 288050, 287850, 288000, 288400, 287900, 288250, 287550, 288100, 287850, 288100, 288100, 287700, 288150, 287600, 288200, 288050, 287400, 287550, 288000, 287650, 288350, 287850, 288250, 287550, 287800, 287600, 287700, 288300, 288150, 288150, 287550, 288000, 287800, 287950, 287600, 287950, 287750, 287500, 288100, 288050, 287600, 287800, 287350, 287500, 287550, 287550, 287750, 287750, 287900, 287800, 288300, 287850, 287300, 286900, 287650, 287500, 287850, 288100, 287850, 288550, 287550, 288000, 287450, 287500, 287300, 287750, 287850, 288100, 287050, 287700, 288400, 287550, 288300, 287650, 287400, 287850, 287500, 287750, 287500, 287200, 287200, 287800, 288000, 287800, 287400, 287450, 287900, 287950, 287550, 287650, 287400, 288200, 286650, 287750, 287650, 288000, 287850, 287550, 287850, 287750, 287600, 287600, 287800, 287900, 287450]
*********************************************************************
Simulation Type:          PPO
Learning Time:            17455.0 sec
---------------------------------------------------------------------
Avg steps:                5000.0
Avg reward/step:          57.544
Avg null action ratio:    [1.0, 0.0]
Avg invalid actions:      [0.0, 0.0]

Min steps:                5000
Max steps:                5000

Defender wins:            200
Attacker wins:            0

Steps each sim:           [5000, 5000, 5000, 5000, 5000, 5000, 5000, 5000, 5000, 5000, 5000, 5000, 5000, 5000, 5000, 5000, 5000, 5000, 5000, 5000, 5000, 5000, 5000, 5000, 5000, 5000, 5000, 5000, 5000, 5000, 5000, 5000, 5000, 5000, 5000, 5000, 5000, 5000, 5000, 5000, 5000, 5000, 5000, 5000, 5000, 5000, 5000, 5000, 5000, 5000, 5000, 5000, 5000, 5000, 5000, 5000, 5000, 5000, 5000, 5000, 5000, 5000, 5000, 5000, 5000, 5000, 5000, 5000, 5000, 5000, 5000, 5000, 5000, 5000, 5000, 5000, 5000, 5000, 5000, 5000, 5000, 5000, 5000, 5000, 5000, 5000, 5000, 5000, 5000, 5000, 5000, 5000, 5000, 5000, 5000, 5000, 5000, 5000, 5000, 5000, 5000, 5000, 5000, 5000, 5000, 5000, 5000, 5000, 5000, 5000, 5000, 5000, 5000, 5000, 5000, 5000, 5000, 5000, 5000, 5000, 5000, 5000, 5000, 5000, 5000, 5000, 5000, 5000, 5000, 5000, 5000, 5000, 5000, 5000, 5000, 5000, 5000, 5000, 5000, 5000, 5000, 5000, 5000, 5000, 5000, 5000, 5000, 5000, 5000, 5000, 5000, 5000, 5000, 5000, 5000, 5000, 5000, 5000, 5000, 5000, 5000, 5000, 5000, 5000, 5000, 5000, 5000, 5000, 5000, 5000, 5000, 5000, 5000, 5000, 5000, 5000, 5000, 5000, 5000, 5000, 5000, 5000, 5000, 5000, 5000, 5000, 5000, 5000, 5000, 5000, 5000, 5000, 5000, 5000, 5000, 5000, 5000, 5000, 5000, 5000]
Reward each sim:          [287900, 287600, 287900, 288200, 287400, 287650, 287900, 287400, 287750, 287700, 287400, 288000, 286800, 287750, 288000, 287600, 288050, 288000, 287500, 288100, 287850, 288050, 287200, 287850, 288250, 288000, 287700, 286900, 288000, 287400, 287700, 287650, 288050, 287000, 288050, 287550, 287450, 287750, 287450, 287700, 287700, 288450, 287850, 287450, 287350, 287150, 288000, 287950, 287450, 288000, 287700, 287550, 287350, 287600, 288150, 287500, 287750, 287200, 287700, 287900, 287550, 287650, 287300, 287850, 287800, 287700, 287850, 287200, 287350, 288300, 286950, 288100, 287950, 287100, 287950, 287950, 288000, 288000, 287300, 287050, 287550, 287450, 287600, 287650, 287800, 287950, 287950, 287750, 287900, 288150, 287900, 287550, 288050, 288000, 287700, 288200, 287650, 288000, 287800, 288100, 288300, 287400, 287050, 287250, 287700, 287900, 288250, 287550, 287800, 287900, 287400, 287300, 287750, 287400, 287000, 287450, 288750, 287500, 288250, 287400, 287550, 288250, 287600, 287800, 287500, 287200, 287850, 288050, 287900, 288100, 287650, 287500, 287700, 287350, 287800, 288000, 287150, 287600, 288100, 287600, 287600, 287900, 287450, 287900, 287800, 288100, 288150, 287800, 287350, 288250, 288000, 287750, 287300, 287850, 287500, 287550, 287800, 288150, 288150, 287700, 287250, 288150, 287950, 287300, 287100, 287650, 287550, 287300, 286900, 288550, 288200, 288200, 287550, 286900, 288250, 288450, 288000, 288250, 287600, 288100, 287800, 287650, 287550, 287200, 287750, 287700, 287850, 288300, 287700, 287750, 287450, 287850, 287150, 287800, 288000, 288100, 287700, 287600, 287650, 287250]
*********************************************************************
Simulation Type:          Defender2000
Learning Time:            0 sec
---------------------------------------------------------------------
Avg steps:                82.4
Avg reward/step:          33.681
Avg null action ratio:    [1.0, 0.265]
Avg invalid actions:      [0.0, 0.0]

Min steps:                6
Max steps:                375

Defender wins:            0
Attacker wins:            200

Steps each sim:           [41, 108, 37, 375, 10, 63, 238, 24, 27, 83, 38, 195, 120, 94, 26, 38, 196, 128, 93, 48, 41, 88, 60, 104, 27, 110, 40, 61, 27, 20, 226, 169, 144, 95, 22, 39, 23, 30, 190, 117, 18, 23, 23, 42, 15, 86, 14, 118, 173, 80, 9, 45, 36, 43, 82, 44, 90, 38, 82, 33, 6, 75, 25, 139, 41, 74, 135, 15, 148, 34, 49, 176, 139, 42, 48, 16, 38, 72, 75, 251, 78, 10, 84, 53, 6, 63, 185, 39, 106, 55, 154, 85, 125, 70, 186, 63, 31, 125, 48, 65, 131, 77, 13, 71, 169, 51, 37, 46, 38, 112, 20, 39, 84, 47, 47, 21, 49, 31, 100, 21, 8, 66, 149, 6, 49, 83, 15, 73, 36, 142, 37, 9, 63, 30, 165, 180, 22, 158, 74, 169, 28, 57, 151, 115, 170, 89, 159, 66, 30, 42, 15, 21, 64, 35, 118, 145, 128, 20, 83, 187, 84, 67, 41, 51, 45, 28, 121, 303, 246, 80, 42, 130, 106, 67, 46, 12, 89, 66, 40, 118, 100, 202, 67, 26, 124, 80, 226, 58, 113, 77, 163, 41, 136, 150, 193, 174, 93, 100, 128, 48]
Reward each sim:          [1156, 4164, 766, 15386, -60, 2132, 8590, 458, 634, 3164, 1268, 7270, 4822, 3104, 670, 882, 7818, 5270, 2978, 1474, 1142, 3100, 2106, 3052, 782, 3864, 1094, 2266, 678, 418, 8534, 6236, 4192, 3406, 584, 1282, 544, 708, 7252, 4350, 304, 492, 394, 960, 184, 3066, 26, 3562, 4862, 2338, -124, 1376, 854, 1022, 2802, 1174, 3402, 1324, 2404, 894, -248, 2296, 610, 5022, 1200, 2632, 5336, 228, 5066, 1236, 1128, 6490, 5256, 1262, 1654, -10, 1072, 2560, 2690, 9678, 3108, -64, 3320, 1606, -248, 1442, 7220, 1280, 3694, 1620, 4974, 2570, 4674, 1690, 6690, 1730, 960, 4472, 1398, 2300, 5068, 2704, 60, 2052, 5654, 880, 1362, 1486, 980, 3994, 72, 1276, 2672, 1494, 1146, 184, 1058, 910, 3658, 374, -184, 1878, 5334, -296, 1470, 2404, 178, 2586, 764, 5118, 924, -124, 2180, 804, 5806, 7244, 236, 5396, 2284, 5254, 738, 1942, 5524, 3828, 6064, 3556, 5010, 2308, 904, 1162, 34, -18, 2136, 652, 4656, 4786, 4826, 82, 3272, 7052, 3168, 1778, 1148, 1750, 1184, 744, 3676, 11482, 9384, 2342, 1412, 3904, 4100, 2432, 1190, 58, 2958, 2264, 848, 4304, 2456, 7382, 2428, 576, 4666, 2734, 8036, 1746, 3762, 2960, 5686, 1246, 5108, 6328, 7744, 6028, 3550, 3550, 4334, 1314]
*********************************************************************
Simulation Type:          Random
Learning Time:            0 sec
---------------------------------------------------------------------
Avg steps:                56.0
Avg reward/step:          27.177
Avg null action ratio:    [1.0, 0.327]
Avg invalid actions:      [0.0, 0.0]

Min steps:                6
Max steps:                286

Defender wins:            0
Attacker wins:            200

Steps each sim:           [6, 28, 67, 20, 27, 24, 136, 84, 72, 71, 66, 11, 98, 22, 26, 43, 73, 46, 31, 70, 15, 44, 52, 20, 188, 89, 60, 19, 27, 54, 6, 57, 39, 11, 40, 29, 31, 65, 73, 149, 16, 50, 77, 7, 34, 83, 85, 22, 43, 21, 14, 100, 19, 46, 89, 113, 122, 74, 117, 23, 11, 83, 6, 143, 67, 40, 69, 199, 65, 20, 21, 22, 95, 47, 28, 27, 140, 125, 117, 286, 33, 72, 74, 57, 35, 19, 43, 33, 49, 76, 71, 37, 57, 74, 43, 34, 38, 47, 51, 45, 25, 36, 156, 66, 25, 29, 40, 11, 51, 51, 28, 41, 34, 130, 48, 66, 11, 9, 60, 23, 21, 98, 103, 16, 49, 116, 44, 21, 23, 10, 150, 65, 27, 211, 31, 43, 67, 24, 27, 60, 41, 72, 65, 86, 42, 119, 58, 78, 8, 19, 23, 25, 102, 21, 30, 23, 33, 85, 89, 81, 12, 32, 68, 56, 42, 32, 94, 12, 86, 85, 111, 37, 64, 73, 26, 65, 72, 38, 124, 52, 50, 58, 78, 6, 8, 22, 32, 66, 72, 92, 75, 52, 18, 8, 24, 28, 38, 38, 98, 67]
Reward each sim:          [-248, 796, 2230, 420, 236, 550, 4324, 2578, 2386, 1968, 1866, -6, 3052, 294, 522, 1328, 1984, 1248, 720, 2452, 132, 1236, 1308, 370, 5874, 3114, 2124, 210, 390, 1516, -246, 1846, 888, -104, 982, 696, 774, 1362, 1488, 4450, 186, 1182, 2168, -192, 898, 2962, 2782, 394, 980, 334, -80, 2820, 260, 1448, 2668, 3632, 3458, 2382, 3134, 346, -4, 2518, -246, 4480, 2076, 1090, 2054, 6528, 1808, 370, 438, 488, 2618, 1066, 244, 582, 4598, 4364, 3994, 9424, 586, 2278, 2344, 1646, 654, -32, 1162, 790, 1234, 1804, 1526, 1168, 898, 2336, 1180, 298, 976, 1206, 1442, 1498, 224, 918, 4822, 2462, 668, 450, 998, -152, 1284, 1434, 840, 854, 700, 3976, 1262, 1814, -256, -74, 1516, 450, 336, 2744, 3044, -160, 1228, 2750, 1124, 438, 294, -66, 4888, 1866, 636, 6310, 718, 870, 1700, 508, 182, 1614, 898, 1670, 2456, 2732, 1514, 4018, 1692, 2180, -126, 166, 296, 614, 2982, 334, 658, 400, 796, 2278, 2212, 2608, -92, 432, 1784, 2030, 1160, 770, 2822, 6, 1836, 3138, 3028, 714, 1616, 1716, 280, 1858, 2318, 576, 3720, 1260, 1380, 1614, 2628, -248, -182, 492, 824, 2034, 2370, 3046, 2794, 1538, 212, -180, 510, 390, 1082, 842, 2500, 1818]
*********************************************************************
Simulation Type:          Static
Learning Time:            0 sec
---------------------------------------------------------------------
Avg steps:                21.435
Avg reward/step:          6.256
Avg null action ratio:    [1.0, 1.0]
Avg invalid actions:      [0.0, 0.0]

Min steps:                5
Max steps:                74

Defender wins:            0
Attacker wins:            200

Steps each sim:           [24, 17, 22, 5, 6, 42, 44, 10, 32, 31, 26, 44, 20, 24, 15, 13, 29, 28, 25, 15, 7, 33, 13, 30, 5, 9, 29, 11, 40, 51, 16, 38, 10, 21, 7, 11, 24, 43, 21, 17, 14, 9, 11, 15, 33, 13, 17, 15, 17, 13, 29, 19, 5, 32, 8, 38, 17, 19, 30, 21, 32, 17, 49, 9, 56, 11, 27, 5, 34, 35, 21, 27, 11, 11, 21, 18, 26, 6, 6, 11, 11, 10, 12, 27, 23, 28, 15, 17, 9, 17, 26, 18, 49, 11, 21, 12, 25, 19, 11, 9, 18, 16, 8, 9, 19, 27, 12, 8, 7, 53, 15, 31, 16, 46, 31, 11, 8, 7, 17, 18, 45, 24, 31, 9, 8, 74, 32, 18, 38, 39, 28, 14, 8, 6, 14, 19, 40, 6, 14, 37, 58, 14, 6, 22, 15, 9, 33, 10, 23, 7, 17, 20, 10, 8, 7, 20, 11, 54, 30, 14, 30, 35, 22, 22, 24, 18, 42, 13, 16, 23, 22, 11, 22, 21, 64, 18, 25, 5, 32, 37, 8, 24, 38, 10, 32, 36, 17, 9, 11, 32, 5, 15, 21, 13, 48, 25, 35, 31, 10, 10]
Reward each sim:          [40, 170, 120, -300, -240, 820, 690, -200, 670, 660, 210, 640, -150, -60, -100, -170, 440, -20, 150, -300, -230, 430, -220, 100, -300, -210, 540, -140, 900, 960, -190, 430, -200, 260, -230, -240, 90, 780, 110, 220, 40, -360, -290, 100, 480, -220, 220, 100, 170, -220, 140, -160, -300, 470, -170, 630, -30, 40, 50, 160, 570, 170, 1040, -110, 960, -40, 70, -300, 90, 0, 110, 520, -40, -240, 360, 180, -40, -240, -240, -240, -90, -300, -80, 120, 280, 280, -300, 270, -160, 20, 10, 230, 790, -240, 60, -230, 50, 240, -240, -210, -170, 210, -220, -210, 90, 220, -230, -170, -180, 1030, 50, 360, -90, 760, 10, -290, -270, -180, 170, 180, 600, 290, 660, -160, -220, 1390, 720, 230, 530, 1140, 430, -110, -170, -240, -360, -10, 900, -240, -160, 570, 1280, -160, -240, 320, -100, -160, 530, -300, 230, -180, 220, -200, -200, -270, -180, 200, -140, 1040, 750, 40, 100, 550, 470, 20, -10, 280, 970, -70, 210, 180, -330, -240, 20, 110, 1740, 280, 0, -300, 670, 470, -170, 190, 480, -250, 470, 510, 220, -160, -240, 370, -300, -350, -40, -170, 780, 400, 350, 710, -150, -150]
*********************************************************************
A2C is the most effective algorithm with 5000.0 avg steps.
A2C is the most efficient algorithm with 57.554 avg reward/step.
