*********************************************************************
Starting Simulation Types: A2C, PPO, Defender2000, Random, Static
Simulations per Type:      200
Steps per Simulation:      5000
---------------------------------------------------------------------
Graph Name:                simple_webservice
Attack Name:               professional
Only Nodes:                False
Only Prevention Systems:   True
Nodes Pause:               1
Prevention Systems Pause:  1
*********************************************************************
Simulation Type:          A2C
Learning Time:            77.4 sec
---------------------------------------------------------------------
Avg steps:                5000.0
Avg reward/step:          57.498
Avg null action ratio:    [1.0, 0.002]
Avg invalid actions:      [0.0, 0.0]

Min steps:                5000
Max steps:                5000

Defender wins:            200
Attacker wins:            0

Steps each sim:           [5000, 5000, 5000, 5000, 5000, 5000, 5000, 5000, 5000, 5000, 5000, 5000, 5000, 5000, 5000, 5000, 5000, 5000, 5000, 5000, 5000, 5000, 5000, 5000, 5000, 5000, 5000, 5000, 5000, 5000, 5000, 5000, 5000, 5000, 5000, 5000, 5000, 5000, 5000, 5000, 5000, 5000, 5000, 5000, 5000, 5000, 5000, 5000, 5000, 5000, 5000, 5000, 5000, 5000, 5000, 5000, 5000, 5000, 5000, 5000, 5000, 5000, 5000, 5000, 5000, 5000, 5000, 5000, 5000, 5000, 5000, 5000, 5000, 5000, 5000, 5000, 5000, 5000, 5000, 5000, 5000, 5000, 5000, 5000, 5000, 5000, 5000, 5000, 5000, 5000, 5000, 5000, 5000, 5000, 5000, 5000, 5000, 5000, 5000, 5000, 5000, 5000, 5000, 5000, 5000, 5000, 5000, 5000, 5000, 5000, 5000, 5000, 5000, 5000, 5000, 5000, 5000, 5000, 5000, 5000, 5000, 5000, 5000, 5000, 5000, 5000, 5000, 5000, 5000, 5000, 5000, 5000, 5000, 5000, 5000, 5000, 5000, 5000, 5000, 5000, 5000, 5000, 5000, 5000, 5000, 5000, 5000, 5000, 5000, 5000, 5000, 5000, 5000, 5000, 5000, 5000, 5000, 5000, 5000, 5000, 5000, 5000, 5000, 5000, 5000, 5000, 5000, 5000, 5000, 5000, 5000, 5000, 5000, 5000, 5000, 5000, 5000, 5000, 5000, 5000, 5000, 5000, 5000, 5000, 5000, 5000, 5000, 5000, 5000, 5000, 5000, 5000, 5000, 5000, 5000, 5000, 5000, 5000, 5000, 5000]
Reward each sim:          [288014, 287318, 287458, 287166, 286966, 287262, 287566, 287816, 287356, 287118, 287914, 287610, 287460, 287808, 287372, 287956, 287210, 287712, 287418, 287962, 287316, 287662, 287658, 287930, 288310, 287608, 287814, 287308, 287062, 288154, 288308, 287614, 287712, 287570, 287368, 287420, 287576, 287408, 287168, 287462, 288162, 287168, 286816, 286876, 286910, 288124, 287220, 287570, 287014, 287168, 287718, 287768, 287762, 286516, 287362, 288212, 287164, 287416, 287860, 288012, 286972, 287654, 287220, 287416, 286660, 287664, 287920, 288310, 287862, 287656, 287626, 287904, 288166, 287968, 287606, 286878, 287210, 287916, 287674, 287214, 287766, 287406, 287414, 287010, 287714, 287424, 287262, 288208, 286718, 286732, 288012, 287106, 286820, 287024, 287616, 287388, 287414, 287610, 287810, 287456, 287114, 287332, 287562, 286958, 288060, 287868, 287514, 286918, 287024, 287516, 288012, 287914, 288014, 287664, 287462, 287472, 287320, 287618, 287670, 286864, 287364, 287860, 287114, 287768, 287612, 287358, 287856, 287672, 287420, 287068, 287706, 286728, 286826, 287470, 288102, 287612, 287668, 287420, 288012, 287262, 287568, 287628, 287660, 287418, 287416, 287806, 287464, 288310, 286876, 287218, 286924, 287714, 286970, 287766, 287858, 286814, 287960, 287214, 287762, 287210, 287216, 286974, 287422, 287214, 287514, 287662, 287360, 288016, 287624, 287514, 287266, 286716, 287712, 287468, 287424, 287364, 287120, 287408, 287160, 287264, 287212, 287168, 287716, 287564, 287070, 286966, 287266, 287710, 287270, 287662, 287856, 287510, 287914, 288012, 286808, 287424, 287768, 287876, 287860, 287712]
*********************************************************************
Simulation Type:          PPO
Learning Time:            146.1 sec
---------------------------------------------------------------------
Avg steps:                4993.725
Avg reward/step:          57.106
Avg null action ratio:    [1.0, 0.01]
Avg invalid actions:      [0.0, 0.0]

Min steps:                3745
Max steps:                5000

Defender wins:            199
Attacker wins:            1

Steps each sim:           [5000, 5000, 5000, 5000, 5000, 5000, 5000, 5000, 5000, 5000, 5000, 5000, 5000, 5000, 5000, 5000, 5000, 5000, 5000, 5000, 5000, 5000, 5000, 5000, 5000, 5000, 5000, 5000, 5000, 5000, 5000, 5000, 5000, 5000, 5000, 5000, 5000, 5000, 5000, 5000, 5000, 5000, 5000, 5000, 5000, 5000, 5000, 5000, 5000, 5000, 5000, 5000, 5000, 5000, 5000, 5000, 5000, 5000, 5000, 5000, 5000, 5000, 5000, 5000, 5000, 5000, 5000, 5000, 5000, 5000, 5000, 5000, 5000, 5000, 5000, 5000, 5000, 5000, 5000, 5000, 5000, 5000, 5000, 5000, 5000, 5000, 5000, 5000, 5000, 5000, 5000, 5000, 5000, 5000, 5000, 5000, 5000, 5000, 5000, 5000, 5000, 5000, 5000, 5000, 5000, 5000, 5000, 5000, 5000, 5000, 5000, 5000, 5000, 5000, 5000, 5000, 5000, 5000, 5000, 5000, 5000, 5000, 5000, 5000, 5000, 5000, 5000, 5000, 5000, 5000, 5000, 5000, 5000, 5000, 5000, 5000, 5000, 5000, 5000, 5000, 5000, 5000, 5000, 5000, 5000, 5000, 5000, 5000, 5000, 5000, 5000, 3745, 5000, 5000, 5000, 5000, 5000, 5000, 5000, 5000, 5000, 5000, 5000, 5000, 5000, 5000, 5000, 5000, 5000, 5000, 5000, 5000, 5000, 5000, 5000, 5000, 5000, 5000, 5000, 5000, 5000, 5000, 5000, 5000, 5000, 5000, 5000, 5000, 5000, 5000, 5000, 5000, 5000, 5000, 5000, 5000, 5000, 5000, 5000, 5000]
Reward each sim:          [285386, 285842, 285462, 285606, 284504, 286032, 285674, 284564, 285606, 285730, 284918, 286016, 285096, 285740, 285998, 284518, 285988, 285198, 285200, 285306, 285802, 284750, 286396, 286258, 285042, 285506, 285586, 286162, 284750, 285126, 285798, 284408, 285844, 286240, 286096, 285056, 284956, 285108, 285602, 285694, 285762, 285150, 285770, 286000, 285510, 286490, 285098, 285538, 285310, 285494, 285834, 285356, 284604, 285078, 286168, 285878, 286486, 285456, 285880, 286024, 285904, 285460, 285572, 285304, 286480, 285754, 285534, 286366, 285646, 286038, 284796, 285496, 285206, 285792, 285736, 284718, 286256, 284764, 285278, 286052, 283860, 285846, 285094, 285392, 286442, 286212, 285790, 284598, 284696, 285382, 285530, 285390, 286404, 285478, 284156, 285384, 285248, 285120, 285770, 286050, 286304, 285166, 285326, 286438, 285638, 284414, 285002, 284914, 285826, 284472, 286120, 285844, 285836, 284218, 285496, 285932, 285944, 285084, 285474, 284946, 285932, 286044, 285516, 286192, 285030, 285258, 284960, 285536, 285650, 285898, 285946, 285784, 285534, 285926, 285580, 286204, 284836, 285360, 285172, 285438, 284908, 285448, 285128, 285782, 286306, 285828, 285582, 284970, 286008, 285748, 285644, 212678, 285336, 285062, 285964, 286830, 285740, 285784, 285282, 285344, 284822, 285914, 285960, 284858, 286180, 285910, 285448, 286248, 285570, 285544, 284712, 286228, 285800, 285006, 284806, 285996, 285302, 285546, 284660, 285228, 285420, 284800, 285888, 285894, 286156, 286190, 285452, 285044, 285452, 285646, 285034, 286370, 285336, 285206, 285934, 285978, 285784, 286476, 285256, 285858]
*********************************************************************
Simulation Type:          Defender2000
Learning Time:            0 sec
---------------------------------------------------------------------
Avg steps:                77.17
Avg reward/step:          33.531
Avg null action ratio:    [1.0, 0.264]
Avg invalid actions:      [0.0, 0.0]

Min steps:                5
Max steps:                332

Defender wins:            0
Attacker wins:            200

Steps each sim:           [53, 62, 27, 200, 162, 36, 71, 64, 115, 84, 55, 124, 69, 121, 222, 41, 194, 22, 100, 157, 16, 45, 34, 115, 113, 47, 49, 34, 38, 49, 90, 76, 128, 22, 50, 32, 38, 16, 92, 159, 102, 73, 58, 64, 46, 92, 122, 21, 176, 64, 46, 148, 231, 13, 52, 43, 170, 13, 109, 142, 24, 202, 18, 100, 22, 21, 25, 78, 16, 35, 44, 89, 48, 98, 26, 94, 52, 145, 42, 19, 48, 33, 171, 7, 61, 117, 141, 50, 10, 208, 38, 9, 28, 25, 21, 115, 27, 72, 84, 85, 95, 44, 79, 86, 80, 137, 28, 86, 91, 62, 162, 80, 93, 61, 112, 65, 17, 17, 23, 66, 165, 104, 64, 11, 47, 23, 19, 53, 103, 61, 156, 14, 12, 102, 52, 40, 29, 224, 332, 63, 41, 98, 61, 119, 29, 59, 80, 18, 106, 64, 56, 6, 5, 95, 33, 45, 158, 109, 80, 154, 223, 75, 61, 95, 103, 152, 177, 12, 59, 97, 53, 72, 101, 62, 56, 11, 71, 92, 34, 83, 97, 16, 6, 24, 119, 127, 224, 6, 71, 86, 198, 18, 97, 57, 84, 20, 106, 94, 119, 47]
Reward each sim:          [2014, 2142, 536, 7362, 5324, 1262, 2212, 2142, 3830, 3060, 1778, 4116, 2144, 4282, 8434, 1446, 7296, 192, 3046, 5538, 182, 1690, 1148, 4326, 4108, 1352, 1462, 982, 1122, 1318, 3620, 2064, 5224, 488, 1230, 572, 1128, 284, 3432, 6138, 4210, 2222, 1452, 1934, 1194, 3124, 4932, 426, 6744, 2402, 1280, 5100, 8070, -190, 1892, 1458, 6496, 60, 3832, 5050, 650, 7298, 204, 3306, 492, 276, 362, 2758, 146, 900, 1518, 3076, 1162, 3052, 422, 2862, 1790, 5466, 1064, 360, 1270, 782, 6006, -188, 2186, 4104, 4492, 1336, -14, 7870, 974, -220, 686, 664, 86, 4184, 678, 2554, 2806, 3168, 3410, 1184, 2972, 3472, 3080, 5418, 692, 3278, 2796, 2230, 4942, 2980, 2886, 1914, 4362, 2212, 52, 340, 542, 2158, 6002, 3434, 2552, 46, 1146, 300, 410, 1904, 3626, 2218, 6122, -130, -44, 3324, 1742, 1146, 600, 9104, 12220, 1840, 1050, 3634, 2224, 3908, 698, 2054, 2978, 206, 4256, 2146, 1876, -246, -306, 3314, 878, 1636, 6032, 3628, 2480, 5908, 7742, 2792, 2266, 3098, 3938, 4712, 5724, 8, 2296, 3024, 1556, 2518, 3162, 2182, 1930, -52, 2516, 3244, 940, 2560, 3358, 236, -246, 662, 4262, 4192, 8260, -244, 2300, 2784, 7174, 256, 3328, 2142, 2402, 172, 3458, 2562, 3864, 1306]
*********************************************************************
Simulation Type:          Random
Learning Time:            0 sec
---------------------------------------------------------------------
Avg steps:                56.715
Avg reward/step:          26.343
Avg null action ratio:    [1.0, 0.333]
Avg invalid actions:      [0.0, 0.0]

Min steps:                6
Max steps:                198

Defender wins:            0
Attacker wins:            200

Steps each sim:           [91, 53, 58, 50, 92, 69, 75, 50, 37, 91, 76, 38, 27, 21, 47, 150, 92, 41, 54, 45, 41, 35, 101, 47, 57, 20, 130, 43, 36, 23, 24, 26, 15, 46, 133, 51, 70, 19, 90, 25, 49, 112, 10, 67, 7, 82, 29, 10, 28, 95, 20, 101, 71, 133, 54, 91, 15, 74, 91, 10, 94, 19, 49, 30, 143, 99, 50, 8, 126, 88, 11, 17, 21, 21, 14, 35, 21, 41, 61, 56, 15, 100, 71, 16, 136, 6, 74, 16, 55, 18, 37, 44, 123, 35, 30, 54, 97, 44, 27, 26, 45, 24, 33, 31, 198, 102, 56, 84, 71, 49, 78, 95, 58, 35, 18, 24, 91, 13, 14, 124, 166, 66, 55, 65, 39, 22, 51, 23, 68, 153, 45, 30, 89, 192, 44, 109, 36, 107, 52, 38, 8, 61, 95, 61, 73, 25, 8, 15, 7, 35, 60, 35, 8, 14, 27, 66, 89, 75, 51, 72, 136, 111, 130, 50, 139, 21, 39, 123, 117, 36, 16, 45, 14, 51, 37, 40, 22, 99, 88, 91, 33, 7, 36, 7, 7, 67, 40, 38, 77, 82, 82, 8, 20, 98, 38, 18, 75, 24, 83, 54]
Reward each sim:          [2648, 1300, 1458, 1488, 2358, 1846, 2138, 1234, 1128, 2354, 2604, 580, 384, 280, 962, 4362, 2856, 1016, 1412, 1192, 1000, 556, 1970, 1400, 1636, 378, 4092, 932, 900, 592, 256, 626, -70, 1052, 4046, 800, 1814, 214, 2932, 364, 926, 3260, -14, 2582, -242, 2166, 300, -110, 396, 3228, 136, 3116, 2304, 4620, 1206, 2766, 132, 1392, 2984, -162, 2570, 160, 880, 718, 4082, 2752, 1378, -128, 3510, 2266, -52, 246, 432, 336, 28, 790, 182, 806, 1526, 1592, -12, 3324, 2260, 238, 4298, -248, 2386, 138, 1622, 256, 958, 1034, 3464, 406, 464, 1526, 3186, 676, 682, 282, 1184, 508, 834, 820, 5418, 2584, 1484, 2192, 2206, 1224, 2276, 2576, 1558, 1108, 110, 402, 2684, -88, 72, 4022, 5440, 1278, 1070, 1554, 1044, 340, 1236, 452, 2290, 5114, 1190, 606, 2910, 5586, 1190, 3696, 856, 3368, 1454, 1030, -184, 1844, 2480, 1428, 1738, 666, -174, 184, -188, 552, 2018, 750, -132, 74, 534, 1678, 2382, 2150, 1432, 1886, 4080, 3834, 3486, 1276, 4132, 432, 834, 3662, 3828, 852, -164, 1236, -124, 1638, 816, 844, 538, 2940, 2610, 2936, 736, -188, 862, -242, -190, 1418, 646, 928, 2268, 2316, 2210, -128, 424, 3046, 1078, 56, 1910, 458, 2852, 1576]
*********************************************************************
Simulation Type:          Static
Learning Time:            0 sec
---------------------------------------------------------------------
Avg steps:                20.635
Avg reward/step:          5.638
Avg null action ratio:    [1.0, 1.0]
Avg invalid actions:      [0.0, 0.0]

Min steps:                5
Max steps:                57

Defender wins:            0
Attacker wins:            200

Steps each sim:           [9, 48, 10, 9, 12, 16, 27, 11, 27, 46, 7, 40, 32, 19, 38, 7, 11, 5, 21, 26, 27, 19, 8, 16, 8, 23, 14, 21, 24, 25, 45, 10, 39, 15, 15, 17, 16, 14, 31, 19, 12, 12, 12, 23, 21, 6, 11, 39, 13, 23, 24, 33, 8, 31, 7, 49, 22, 22, 8, 7, 6, 21, 21, 31, 14, 10, 28, 7, 7, 31, 36, 22, 8, 11, 6, 5, 10, 26, 35, 32, 18, 39, 17, 12, 24, 6, 21, 27, 11, 11, 9, 17, 10, 11, 29, 22, 38, 16, 5, 28, 14, 10, 22, 25, 13, 24, 33, 20, 6, 15, 10, 20, 33, 25, 12, 27, 15, 37, 18, 32, 16, 12, 9, 13, 10, 8, 35, 17, 20, 20, 20, 15, 12, 9, 35, 13, 31, 39, 32, 43, 27, 8, 8, 25, 11, 8, 31, 6, 21, 30, 15, 18, 16, 49, 57, 31, 6, 39, 23, 17, 19, 50, 19, 31, 16, 17, 25, 14, 10, 12, 10, 25, 20, 16, 31, 33, 36, 9, 22, 9, 29, 34, 40, 8, 18, 38, 14, 24, 8, 28, 11, 25, 23, 50, 15, 36, 40, 12, 16, 20]
Reward each sim:          [-160, 930, -200, -160, -30, -40, -130, -90, 220, 410, -230, 750, 470, -60, 880, -180, -240, -300, -190, 60, 420, 140, -170, 210, -270, 280, -210, 60, 190, 300, 550, -100, 990, 50, 100, -180, 110, -60, 510, 190, -230, -30, -30, 180, 60, -240, -190, 690, 80, -170, 290, 230, -270, 310, -180, 1190, 270, 120, -170, -180, -240, 110, 110, 360, 40, -100, 180, -230, -230, 510, -140, 120, -170, -240, -240, -300, -150, 160, 450, 220, 30, 890, -130, -330, -10, -240, 210, 220, -140, -240, -110, 320, -300, -290, 290, 270, 880, 110, -300, 230, -260, -150, 170, 500, -170, 340, 530, 300, -240, 200, -150, 100, 330, 350, 20, 570, -300, 870, 330, 370, 10, 20, -110, -120, -100, -270, 550, -80, 200, 350, 400, 0, -80, -160, 350, -220, 460, 740, 370, 430, -80, -120, -170, 200, -240, -270, 310, -240, 160, 350, 100, -170, -140, 1040, 1220, 460, -240, 940, 280, -230, 240, 900, -210, 360, -90, 120, 100, -260, -150, -330, -150, 400, 200, -240, 360, 680, 710, -160, 270, -160, 340, 290, 600, -220, 80, 630, -210, 390, -170, -70, -140, 50, 80, 400, -200, 460, 550, 20, 60, 0]
*********************************************************************
A2C is the most effective algorithm with 5000.0 avg steps.
A2C is the most efficient algorithm with 57.498 avg reward/step.
