*********************************************************************
Starting Simulation Types: A2C, PPO, Defender2000, Random, Static
Simulations per Type:      200
Steps per Simulation:      5000
---------------------------------------------------------------------
Graph Name:                simple_webservice
Attack Name:               professional
Only Nodes:                True
Only Prevention Systems:   False
Nodes Pause:               1
Prevention Systems Pause:  1
*********************************************************************
Simulation Type:          A2C
Learning Time:            7992.8 sec
---------------------------------------------------------------------
Avg steps:                5000.0
Avg reward/step:          20.096
Avg null action ratio:    [0.0, 1.0]
Avg invalid actions:      [0.0, 0.0]

Min steps:                5000
Max steps:                5000

Defender wins:            200
Attacker wins:            0

Steps each sim:           [5000, 5000, 5000, 5000, 5000, 5000, 5000, 5000, 5000, 5000, 5000, 5000, 5000, 5000, 5000, 5000, 5000, 5000, 5000, 5000, 5000, 5000, 5000, 5000, 5000, 5000, 5000, 5000, 5000, 5000, 5000, 5000, 5000, 5000, 5000, 5000, 5000, 5000, 5000, 5000, 5000, 5000, 5000, 5000, 5000, 5000, 5000, 5000, 5000, 5000, 5000, 5000, 5000, 5000, 5000, 5000, 5000, 5000, 5000, 5000, 5000, 5000, 5000, 5000, 5000, 5000, 5000, 5000, 5000, 5000, 5000, 5000, 5000, 5000, 5000, 5000, 5000, 5000, 5000, 5000, 5000, 5000, 5000, 5000, 5000, 5000, 5000, 5000, 5000, 5000, 5000, 5000, 5000, 5000, 5000, 5000, 5000, 5000, 5000, 5000, 5000, 5000, 5000, 5000, 5000, 5000, 5000, 5000, 5000, 5000, 5000, 5000, 5000, 5000, 5000, 5000, 5000, 5000, 5000, 5000, 5000, 5000, 5000, 5000, 5000, 5000, 5000, 5000, 5000, 5000, 5000, 5000, 5000, 5000, 5000, 5000, 5000, 5000, 5000, 5000, 5000, 5000, 5000, 5000, 5000, 5000, 5000, 5000, 5000, 5000, 5000, 5000, 5000, 5000, 5000, 5000, 5000, 5000, 5000, 5000, 5000, 5000, 5000, 5000, 5000, 5000, 5000, 5000, 5000, 5000, 5000, 5000, 5000, 5000, 5000, 5000, 5000, 5000, 5000, 5000, 5000, 5000, 5000, 5000, 5000, 5000, 5000, 5000, 5000, 5000, 5000, 5000, 5000, 5000, 5000, 5000, 5000, 5000, 5000, 5000]
Reward each sim:          [99600, 100300, 103750, 98100, 97450, 97250, 101450, 99550, 100300, 99700, 99900, 101750, 98650, 99600, 101200, 98650, 102050, 101700, 97850, 97300, 100450, 99350, 102300, 101450, 100650, 102550, 98550, 97500, 100800, 99800, 99850, 99250, 102550, 99050, 102500, 100500, 103300, 100250, 99600, 98050, 101550, 99250, 101450, 101550, 101700, 98950, 98700, 100500, 101250, 98400, 97850, 99400, 96150, 101100, 101100, 100800, 101100, 97250, 100550, 100850, 102000, 100900, 102250, 99750, 99100, 101950, 102450, 100950, 100200, 99100, 98700, 101450, 99150, 100600, 98400, 97700, 100150, 100150, 100500, 100250, 99400, 102200, 99800, 99750, 102900, 99850, 100000, 96250, 102550, 100400, 105150, 99550, 100600, 97500, 99200, 100750, 97850, 102000, 99850, 101200, 100650, 100200, 99600, 99200, 100100, 100200, 101650, 99400, 102350, 100150, 102800, 100800, 100300, 99250, 103950, 99250, 100100, 100000, 101150, 98450, 103350, 101500, 99900, 101550, 103300, 102050, 100850, 100100, 102350, 99100, 98900, 102350, 98650, 100350, 102100, 103250, 102900, 100000, 104500, 99750, 100600, 99750, 101650, 101350, 103700, 101450, 99700, 103500, 102200, 100600, 102900, 100350, 102450, 99600, 101700, 99200, 99150, 100550, 101900, 98100, 100550, 101100, 99950, 101150, 101500, 96850, 100750, 101400, 98600, 104950, 99600, 100550, 100350, 98750, 101800, 100200, 100250, 101000, 98800, 100550, 102350, 99500, 101000, 99400, 102000, 101900, 97550, 101250, 101750, 101100, 100050, 100250, 103900, 101800, 99100, 100350, 99450, 102150, 102350, 96850]
*********************************************************************
Simulation Type:          PPO
Learning Time:            17023.3 sec
---------------------------------------------------------------------
Avg steps:                4988.95
Avg reward/step:          20.052
Avg null action ratio:    [0.0, 1.0]
Avg invalid actions:      [0.0, 0.0]

Min steps:                2790
Max steps:                5000

Defender wins:            199
Attacker wins:            1

Steps each sim:           [5000, 5000, 5000, 5000, 5000, 5000, 5000, 5000, 5000, 5000, 5000, 5000, 5000, 5000, 5000, 5000, 5000, 5000, 5000, 5000, 5000, 5000, 5000, 5000, 5000, 5000, 5000, 5000, 5000, 5000, 5000, 5000, 5000, 5000, 5000, 5000, 5000, 5000, 5000, 5000, 5000, 5000, 5000, 5000, 5000, 5000, 5000, 5000, 5000, 5000, 5000, 5000, 5000, 5000, 5000, 5000, 5000, 5000, 5000, 5000, 5000, 5000, 5000, 5000, 5000, 5000, 5000, 5000, 5000, 5000, 5000, 5000, 5000, 5000, 5000, 5000, 5000, 5000, 5000, 5000, 5000, 5000, 5000, 5000, 5000, 5000, 5000, 5000, 5000, 5000, 5000, 5000, 5000, 5000, 5000, 5000, 5000, 5000, 5000, 5000, 5000, 5000, 5000, 5000, 5000, 5000, 5000, 5000, 5000, 5000, 5000, 5000, 5000, 5000, 5000, 5000, 5000, 5000, 5000, 5000, 5000, 5000, 5000, 5000, 5000, 5000, 5000, 5000, 2790, 5000, 5000, 5000, 5000, 5000, 5000, 5000, 5000, 5000, 5000, 5000, 5000, 5000, 5000, 5000, 5000, 5000, 5000, 5000, 5000, 5000, 5000, 5000, 5000, 5000, 5000, 5000, 5000, 5000, 5000, 5000, 5000, 5000, 5000, 5000, 5000, 5000, 5000, 5000, 5000, 5000, 5000, 5000, 5000, 5000, 5000, 5000, 5000, 5000, 5000, 5000, 5000, 5000, 5000, 5000, 5000, 5000, 5000, 5000, 5000, 5000, 5000, 5000, 5000, 5000, 5000, 5000, 5000, 5000, 5000, 5000]
Reward each sim:          [98350, 100050, 101050, 100950, 100200, 100500, 98600, 99200, 99850, 100000, 101450, 99900, 100750, 98100, 101150, 100700, 101350, 100050, 97850, 100700, 99500, 98450, 102600, 97600, 101150, 99000, 102650, 97550, 97450, 98650, 100050, 100700, 99000, 101100, 100250, 100850, 102150, 99200, 100800, 98600, 101200, 100200, 101050, 99800, 97600, 99150, 99650, 101150, 101400, 100900, 101150, 99100, 100450, 101650, 97550, 100150, 100600, 98500, 101000, 100050, 100500, 99200, 99250, 101350, 102400, 100250, 99800, 100000, 99500, 99750, 101500, 99200, 102050, 99500, 100500, 99400, 100350, 98100, 100750, 98850, 104400, 103050, 100850, 99700, 99350, 95850, 98750, 97450, 98800, 98900, 100350, 101900, 96450, 101050, 98600, 97250, 100250, 99900, 98800, 102000, 100200, 99000, 102900, 99450, 102700, 103650, 102400, 100400, 105450, 97750, 100200, 100600, 99800, 101750, 100950, 99650, 100550, 100100, 97750, 102700, 100000, 98350, 101450, 101400, 97600, 100250, 101250, 101300, 55200, 102250, 98800, 99100, 98750, 101500, 103100, 99850, 101050, 102250, 102050, 99850, 102450, 99700, 99650, 100900, 101300, 99950, 99650, 97900, 101750, 101000, 100600, 101050, 101150, 104400, 99050, 100350, 97900, 95450, 100150, 102550, 99700, 97900, 101800, 97700, 101250, 99400, 101450, 101750, 99250, 100800, 100650, 99000, 98700, 101050, 100550, 98050, 102400, 101000, 99250, 100150, 98600, 101700, 103000, 97950, 97550, 102450, 101150, 101800, 100050, 101750, 102600, 104000, 101950, 100600, 101100, 101800, 100400, 99300, 100450, 101250]
*********************************************************************
Simulation Type:          Defender2000
Learning Time:            0 sec
---------------------------------------------------------------------
Avg steps:                33.465
Avg reward/step:          10.562
Avg null action ratio:    [0.084, 1.0]
Avg invalid actions:      [0.0, 0.0]

Min steps:                5
Max steps:                168

Defender wins:            0
Attacker wins:            200

Steps each sim:           [15, 18, 47, 28, 26, 26, 5, 9, 28, 45, 6, 52, 44, 16, 35, 59, 67, 61, 8, 9, 29, 8, 30, 26, 50, 49, 69, 24, 83, 55, 168, 27, 10, 15, 23, 109, 28, 8, 9, 35, 59, 77, 12, 24, 19, 32, 44, 13, 25, 18, 60, 102, 25, 63, 19, 31, 46, 43, 10, 6, 37, 46, 36, 11, 41, 74, 20, 23, 18, 10, 15, 33, 62, 15, 35, 71, 21, 18, 47, 42, 16, 27, 59, 11, 84, 70, 98, 56, 11, 57, 84, 14, 14, 25, 24, 12, 85, 29, 59, 15, 24, 42, 56, 22, 29, 21, 8, 17, 19, 6, 32, 17, 19, 7, 13, 13, 42, 14, 70, 78, 40, 11, 45, 7, 23, 12, 8, 20, 23, 21, 19, 35, 18, 41, 60, 33, 46, 28, 35, 11, 25, 8, 6, 18, 36, 32, 27, 49, 73, 28, 29, 46, 6, 54, 24, 24, 15, 45, 33, 25, 23, 21, 23, 15, 17, 10, 32, 16, 19, 13, 126, 46, 55, 46, 47, 20, 64, 5, 69, 48, 13, 6, 13, 40, 29, 33, 7, 102, 9, 27, 22, 35, 56, 9, 60, 18, 5, 61, 22, 11]
Reward each sim:          [-25, -255, 640, 490, 445, 130, -325, -155, 345, 900, -320, 710, 830, -260, 395, 325, 905, 765, -310, -145, 350, -210, 465, 435, 1020, 620, 1620, 240, 1950, 995, 3955, 235, -145, 80, -35, 2410, 395, -205, -250, 445, 555, 1760, -285, 385, 10, 420, 1080, -375, 330, -350, 810, 1470, 240, 390, 160, 315, 380, 585, -350, -270, 560, 360, 645, -240, 765, 1295, -395, 320, 145, -300, -65, 225, 1040, -70, 145, 1370, -185, -55, 450, 625, -155, -65, 660, -235, 1660, 1130, 1580, 1050, -135, 805, 885, -20, -75, 430, 125, -185, 1405, 560, 1125, 75, -375, 570, 1195, -235, 155, -95, -305, -15, 0, -270, -280, 35, -45, -260, 20, -135, 440, 30, 1260, 1055, 915, -185, 140, -265, 280, -290, -160, 265, -60, 220, -55, 300, -145, 770, 1380, 615, 555, 305, 795, -340, 75, -155, -265, 45, 800, 220, 240, 605, 590, -60, 460, 255, -260, 805, 340, 330, -55, 615, 570, 135, 175, 320, -30, 40, -45, -145, 215, -165, 255, -325, 3075, 655, 145, 1005, 545, -250, 840, -320, 1670, 760, -20, -270, -175, 230, 260, 290, -210, 2270, -245, 95, 315, 495, 940, -295, 1450, -155, -325, 1140, -475, -90]
*********************************************************************
Simulation Type:          Random
Learning Time:            0 sec
---------------------------------------------------------------------
Avg steps:                27.635
Avg reward/step:          7.445
Avg null action ratio:    [0.118, 1.0]
Avg invalid actions:      [0.0, 0.0]

Min steps:                6
Max steps:                96

Defender wins:            0
Attacker wins:            200

Steps each sim:           [27, 6, 12, 9, 39, 13, 15, 12, 77, 8, 12, 28, 35, 23, 26, 40, 29, 12, 48, 12, 8, 50, 66, 31, 11, 59, 17, 10, 14, 18, 15, 37, 10, 19, 20, 30, 11, 21, 7, 44, 6, 15, 6, 27, 27, 19, 9, 33, 12, 9, 8, 77, 21, 32, 35, 22, 39, 37, 85, 18, 49, 40, 32, 8, 67, 72, 54, 30, 26, 12, 76, 39, 8, 70, 18, 14, 47, 7, 11, 20, 16, 18, 30, 48, 12, 21, 46, 11, 21, 17, 14, 24, 32, 10, 79, 39, 10, 42, 31, 17, 33, 16, 69, 57, 28, 15, 25, 14, 20, 7, 12, 16, 26, 36, 19, 50, 14, 33, 83, 14, 32, 8, 27, 23, 42, 22, 26, 14, 37, 18, 27, 93, 8, 17, 26, 28, 96, 39, 7, 11, 6, 28, 30, 18, 11, 34, 10, 23, 12, 58, 34, 58, 45, 68, 47, 37, 9, 21, 10, 33, 28, 20, 19, 13, 27, 31, 25, 36, 36, 22, 6, 20, 37, 31, 15, 26, 7, 13, 95, 21, 8, 46, 23, 32, 15, 11, 18, 18, 16, 40, 15, 29, 39, 9, 26, 38, 35, 17, 20, 8]
Reward each sim:          [310, -270, -290, -100, 355, -480, -220, -85, 1435, -205, -285, 195, 195, 130, 10, 515, 215, -30, 1060, -135, -155, 900, 1170, 310, -280, 775, 50, -190, -280, 150, 75, 855, -200, -250, 210, 560, -85, 280, -260, 1080, -270, -75, -370, 245, 95, 275, -250, 635, -230, -255, -210, 1280, -130, 545, 460, -20, 570, 465, 1685, -55, 675, 465, 740, -210, 745, 910, 1345, 320, -5, -190, 1380, 235, -260, 840, -190, -230, 360, -205, -140, 360, 140, 200, 325, 475, -35, 10, 960, -240, 65, 40, -270, 150, 180, -195, 790, 970, -245, 290, 560, -55, 390, -115, 1170, 675, -100, -215, -70, 25, -190, -265, -425, -210, -55, 350, -95, 790, -120, -165, 2065, -325, -15, -305, 100, 235, 130, 275, 240, -370, 800, 10, 200, 1630, -305, 105, -90, 310, 1680, 225, -255, -290, -265, 200, 265, -290, -90, 410, -190, 85, -35, 1280, -225, 470, 815, 1525, 370, 495, -150, 160, -100, 575, 495, 205, -155, -175, 110, 520, 290, 95, 200, 120, -260, 75, 15, 190, -125, 150, -265, -180, 1675, 115, -255, 605, 30, 470, 35, -190, 50, -105, -65, 520, -15, 310, 280, -195, 455, 460, 805, 35, -35, -355]
*********************************************************************
Simulation Type:          Static
Learning Time:            0 sec
---------------------------------------------------------------------
Avg steps:                20.725
Avg reward/step:          5.959
Avg null action ratio:    [1.0, 1.0]
Avg invalid actions:      [0.0, 0.0]

Min steps:                5
Max steps:                68

Defender wins:            0
Attacker wins:            200

Steps each sim:           [22, 30, 37, 37, 10, 27, 9, 33, 10, 6, 39, 24, 36, 19, 16, 8, 7, 21, 37, 38, 12, 16, 43, 27, 10, 14, 9, 14, 46, 16, 20, 7, 5, 13, 13, 12, 46, 27, 12, 19, 11, 49, 6, 17, 35, 16, 27, 30, 9, 7, 9, 16, 7, 22, 8, 34, 14, 21, 31, 33, 25, 31, 27, 19, 14, 7, 51, 36, 15, 6, 24, 18, 6, 15, 37, 12, 20, 30, 11, 44, 12, 27, 10, 16, 8, 35, 9, 12, 10, 16, 9, 11, 8, 28, 16, 32, 68, 26, 29, 51, 42, 7, 46, 8, 20, 64, 21, 15, 25, 29, 22, 15, 25, 21, 34, 8, 13, 7, 9, 8, 21, 31, 23, 11, 36, 10, 16, 45, 49, 22, 21, 10, 24, 6, 24, 30, 21, 7, 20, 6, 39, 9, 26, 23, 19, 19, 30, 54, 17, 18, 12, 12, 5, 47, 17, 31, 10, 30, 7, 6, 14, 34, 14, 28, 14, 18, 22, 7, 21, 13, 14, 9, 5, 31, 24, 38, 21, 11, 9, 27, 7, 12, 20, 21, 20, 27, 18, 17, 19, 11, 10, 14, 31, 29, 38, 12, 6, 8, 9, 9]
Reward each sim:          [370, 350, 620, 570, -150, 120, -210, 380, -250, -240, 40, 540, 610, 40, 210, -170, -230, 60, 220, 930, -130, -290, 1130, 320, -100, -160, -110, -260, 910, 260, 250, -180, -300, -170, -220, -330, 1010, 20, -230, -260, -240, 1140, -240, 270, 500, 160, 520, 550, -360, -230, -110, -40, -180, 70, -170, 540, -60, 310, 660, 330, 100, 410, 170, 290, -360, -180, 960, 460, 200, -240, 340, -170, -240, -50, 270, -130, -200, 250, -140, 1040, -230, 270, -300, 210, -120, 500, -160, -30, -100, -290, -210, -40, -270, 430, -190, 570, 1380, 10, -10, 1110, 920, -230, 1060, -170, 100, 1240, 260, 50, 100, 690, 120, 100, 600, -240, 740, -270, -270, -230, -160, -170, 410, 360, 230, -140, 260, -300, 210, 750, 790, 170, 160, -100, 240, -240, 490, 200, 260, -230, -100, -240, 490, -160, 410, 30, 290, 340, 200, 640, -130, 130, -230, 20, -300, 1120, -230, 510, -100, 300, -230, -240, -160, 540, -260, 230, -260, -120, 320, -280, -390, -120, -160, -160, -300, 660, 290, 230, 260, -240, -210, 370, -230, -130, -200, 160, 200, 220, 330, 20, -10, -140, -200, 90, 460, 290, 680, -230, -240, -270, -160, -160]
*********************************************************************
A2C is the most effective algorithm with 5000.0 avg steps.
A2C is the most efficient algorithm with 20.096 avg reward/step.
