*********************************************************************
Starting Simulation Types: A2C, PPO, Defender2000, Random, Static
Simulations per Type:      200
Steps per Simulation:      5000
---------------------------------------------------------------------
Graph Name:                simple_webservice
Attack Name:               professional
Only Nodes:                True
Only Prevention Systems:   False
Nodes Pause:               1
Prevention Systems Pause:  1
*********************************************************************
Simulation Type:          A2C
Learning Time:            1.3 sec
---------------------------------------------------------------------
Avg steps:                28.355
Avg reward/step:          7.902
Avg null action ratio:    [0.134, 1.0]
Avg invalid actions:      [0.0, 0.0]

Min steps:                5
Max steps:                121

Defender wins:            0
Attacker wins:            200

Steps each sim:           [22, 14, 31, 36, 19, 19, 30, 34, 14, 16, 24, 6, 21, 36, 7, 76, 45, 23, 19, 7, 7, 7, 18, 16, 47, 24, 42, 20, 24, 32, 7, 48, 13, 20, 44, 32, 17, 121, 80, 22, 7, 39, 33, 84, 24, 21, 36, 72, 34, 58, 35, 6, 44, 38, 25, 22, 40, 27, 11, 11, 41, 8, 13, 23, 7, 56, 52, 23, 20, 60, 35, 18, 59, 25, 13, 13, 45, 20, 38, 23, 7, 35, 24, 14, 14, 39, 36, 13, 8, 45, 14, 15, 42, 10, 7, 59, 38, 44, 32, 38, 8, 7, 6, 45, 44, 7, 25, 11, 11, 43, 9, 9, 62, 16, 49, 58, 17, 43, 43, 36, 10, 42, 8, 30, 36, 5, 28, 34, 21, 25, 43, 52, 29, 58, 21, 29, 23, 52, 12, 33, 26, 31, 33, 33, 40, 10, 43, 25, 28, 48, 39, 32, 37, 72, 17, 49, 34, 15, 15, 21, 14, 7, 69, 11, 42, 25, 20, 22, 15, 62, 50, 25, 7, 39, 13, 20, 48, 20, 19, 20, 39, 21, 17, 13, 10, 40, 26, 11, 22, 11, 8, 13, 30, 20, 36, 11, 13, 16, 24, 21]
Reward each sim:          [-175, 120, 775, 605, -85, 210, -140, 195, -175, 85, 330, -270, 20, 760, -310, 1020, 910, 340, 175, -215, -315, -250, -55, -105, 1155, -20, 510, -35, 130, 280, -265, 975, -265, 165, 465, 80, -210, 3170, 1580, 20, -255, 800, 385, 1580, 75, -230, 205, 1205, -310, 1125, 680, -270, 0, 115, -110, 415, 445, 115, -40, -135, 345, -260, 70, 220, -360, 405, 1070, -5, -50, 550, 405, 200, 930, -120, -310, 20, 825, -485, 120, 175, -205, 525, 250, -75, -260, 385, 315, -25, -205, 730, -275, -260, 645, -140, -265, 820, 500, 400, 335, 95, -150, -205, -420, 750, 590, -205, 35, -90, -275, 840, -235, -200, 400, 140, 740, 1045, 45, 845, 425, 340, -140, 600, -210, 450, 630, -325, 45, 240, -280, 355, 425, 695, 620, 965, 310, 530, 195, 800, -285, 295, 5, 25, 435, 220, 205, -140, 275, -410, 370, 415, 255, -270, 215, 1100, -100, 1260, -5, -20, 25, 25, -225, -265, 995, -330, 530, 495, 105, 15, 75, 1190, 525, 380, -210, 670, -120, 110, 840, -30, -130, 165, 600, -235, 35, -275, -145, 710, 185, -185, 270, -245, -200, -125, 415, -85, 810, -85, -25, 90, 135, 155]
*********************************************************************
Simulation Type:          PPO
Learning Time:            2.8 sec
---------------------------------------------------------------------
Avg steps:                27.615
Avg reward/step:          6.722
Avg null action ratio:    [0.105, 1.0]
Avg invalid actions:      [0.0, 0.0]

Min steps:                5
Max steps:                89

Defender wins:            0
Attacker wins:            200

Steps each sim:           [26, 36, 16, 41, 46, 63, 35, 19, 10, 29, 29, 46, 46, 47, 23, 33, 10, 28, 15, 38, 12, 43, 37, 23, 12, 9, 27, 51, 13, 28, 17, 46, 71, 19, 15, 14, 61, 7, 15, 13, 27, 17, 56, 9, 42, 50, 21, 21, 28, 32, 31, 18, 19, 42, 32, 33, 21, 40, 45, 35, 22, 14, 6, 30, 51, 25, 14, 21, 5, 13, 89, 45, 22, 55, 72, 30, 25, 10, 8, 8, 22, 28, 25, 29, 49, 39, 27, 25, 7, 15, 7, 22, 6, 9, 21, 28, 17, 71, 37, 76, 26, 15, 24, 30, 29, 10, 38, 7, 42, 23, 16, 69, 30, 18, 16, 10, 82, 13, 13, 6, 28, 25, 30, 25, 64, 20, 41, 9, 17, 30, 15, 30, 19, 58, 26, 18, 15, 32, 38, 23, 69, 21, 6, 37, 18, 5, 21, 48, 16, 19, 27, 66, 21, 15, 13, 16, 32, 31, 5, 53, 15, 12, 18, 41, 9, 7, 22, 30, 13, 16, 46, 6, 41, 8, 25, 59, 71, 34, 9, 19, 13, 5, 38, 15, 16, 22, 37, 23, 22, 43, 15, 16, 30, 30, 14, 12, 33, 51, 22, 33]
Reward each sim:          [395, 310, 130, 640, 960, 1350, 365, 60, -145, 475, 260, 860, 800, 610, 335, 180, -200, 260, -265, 575, -285, 735, 600, 125, -285, -185, 315, 625, -335, -60, -5, 760, 1125, 0, -5, -380, 385, -265, -265, -35, 240, -240, 1370, -150, 735, 475, 205, 415, 5, -15, 60, 95, -155, 925, 420, 475, 170, 270, 490, 550, -140, 75, -260, 580, 380, 340, -370, 25, -325, -135, 1085, 500, -40, 1220, 645, 620, 130, -395, -205, -200, 120, 315, 40, -145, 620, 220, 395, 135, -310, -220, -215, 40, -255, -250, -35, 255, -45, 1190, 450, 1210, 480, -210, 290, 215, 405, -200, 555, -205, 490, 95, -165, 1430, -35, 160, -115, -200, 1525, 20, 30, -265, 400, -260, 165, -20, 1275, 210, 110, -255, -260, 185, -270, 10, -400, 1005, 35, -350, -220, 325, -90, -75, 1005, -40, -270, 770, 145, -320, -85, 465, 80, -140, 60, 805, 160, -275, -230, -210, 220, -125, -325, 555, -220, -170, 245, 775, -305, -215, -75, 465, -275, 190, 650, -270, 485, -260, 0, 560, 1635, 35, -155, 110, -485, -325, 260, -315, 0, 225, 255, 20, -40, 500, -105, -10, 110, 605, -215, -190, 380, 1135, 70, 75]
*********************************************************************
Simulation Type:          Defender2000
Learning Time:            0 sec
---------------------------------------------------------------------
Avg steps:                38.09
Avg reward/step:          12.651
Avg null action ratio:    [0.078, 1.0]
Avg invalid actions:      [0.0, 0.0]

Min steps:                5
Max steps:                170

Defender wins:            0
Attacker wins:            200

Steps each sim:           [25, 22, 19, 46, 41, 14, 37, 9, 45, 46, 9, 40, 71, 13, 55, 17, 70, 69, 7, 37, 54, 10, 6, 15, 76, 70, 27, 29, 21, 61, 21, 36, 39, 35, 56, 10, 80, 6, 38, 18, 7, 20, 49, 53, 57, 36, 22, 31, 58, 13, 20, 76, 44, 17, 83, 56, 14, 24, 38, 63, 52, 11, 17, 92, 23, 47, 21, 16, 16, 33, 44, 82, 6, 39, 14, 14, 17, 50, 89, 17, 50, 21, 5, 53, 54, 6, 37, 28, 57, 18, 35, 32, 29, 25, 31, 39, 37, 9, 9, 61, 68, 14, 14, 26, 30, 18, 39, 52, 52, 88, 64, 61, 19, 111, 38, 44, 47, 50, 16, 38, 36, 12, 60, 38, 61, 51, 24, 44, 11, 16, 34, 23, 45, 6, 30, 27, 36, 24, 28, 170, 46, 83, 76, 24, 14, 69, 46, 11, 59, 10, 20, 61, 12, 66, 44, 5, 31, 87, 104, 10, 65, 73, 25, 69, 14, 16, 6, 23, 35, 73, 11, 104, 122, 11, 8, 25, 38, 26, 24, 7, 7, 37, 29, 36, 46, 24, 70, 11, 35, 49, 10, 34, 75, 43, 28, 14, 18, 36, 98, 83]
Reward each sim:          [250, 275, 95, 145, 420, -20, 400, -150, 785, 345, -350, 715, 1025, -285, 1155, 185, 1125, 1020, -260, 600, 635, -100, -265, -270, 1970, 1075, 45, 295, -285, 1325, -135, 290, 65, 140, 960, -190, 1280, -260, 415, 90, -215, -185, 405, 570, 1270, 905, 125, 125, 860, -30, 305, 1715, 535, 155, 1705, 1150, -75, 430, 605, 850, 535, -290, 235, 1805, 265, 705, -190, 135, -55, 480, 440, 1585, -270, 455, 25, -225, 145, 780, 1985, -55, 905, 320, -310, 535, 1120, -260, 55, 350, 960, 295, 485, 225, -140, 235, 255, 155, 255, -150, -300, 910, 775, -75, -370, 240, 205, -155, 105, 935, 795, 1510, 940, 930, 200, 1790, 905, 300, 495, 485, 130, -50, 645, -190, 860, 595, 1025, 570, 90, 985, -245, 90, 225, 215, 635, -270, 310, 235, 485, 195, 340, 4275, 545, 1740, 1465, 180, -170, 1410, 795, -90, 570, -90, 310, 1020, -30, 1305, 840, -325, 505, 1775, 2055, -350, 895, 1595, -220, 1290, -220, -10, -320, 230, 205, 1485, -180, 1640, 2710, -245, -205, 330, 795, 435, 135, -210, -215, 340, 555, 240, 740, 120, 1740, -245, 495, 940, -100, 425, 1405, 720, 400, 75, 245, 645, 1540, 1405]
*********************************************************************
Simulation Type:          Random
Learning Time:            0 sec
---------------------------------------------------------------------
Avg steps:                27.195
Avg reward/step:          7.167
Avg null action ratio:    [0.123, 1.0]
Avg invalid actions:      [0.0, 0.0]

Min steps:                6
Max steps:                99

Defender wins:            0
Attacker wins:            200

Steps each sim:           [13, 60, 15, 60, 37, 10, 55, 22, 13, 10, 16, 9, 11, 10, 18, 51, 20, 51, 22, 33, 23, 20, 26, 21, 12, 36, 37, 43, 10, 45, 22, 21, 21, 17, 34, 27, 19, 19, 39, 30, 23, 41, 16, 9, 14, 10, 42, 22, 27, 50, 20, 40, 54, 16, 17, 26, 7, 17, 12, 13, 46, 57, 38, 26, 34, 17, 13, 12, 33, 59, 22, 37, 57, 22, 80, 29, 12, 25, 15, 40, 65, 31, 43, 20, 42, 18, 19, 18, 52, 9, 52, 32, 55, 52, 61, 27, 12, 21, 24, 13, 50, 7, 15, 14, 26, 15, 32, 44, 14, 7, 47, 65, 29, 22, 22, 26, 21, 23, 8, 26, 6, 39, 32, 48, 10, 16, 40, 99, 9, 20, 47, 48, 8, 6, 12, 18, 46, 49, 28, 33, 19, 20, 39, 25, 17, 50, 32, 8, 32, 17, 26, 28, 22, 8, 24, 35, 15, 11, 13, 9, 33, 34, 27, 22, 14, 14, 36, 32, 18, 15, 48, 14, 36, 14, 73, 8, 6, 35, 9, 9, 9, 48, 68, 33, 11, 23, 27, 11, 25, 29, 25, 22, 44, 13, 17, 38, 18, 13, 8, 9]
Reward each sim:          [-230, 930, -270, 795, 755, -190, 620, 315, -170, -195, -255, -140, -145, -145, -155, 635, 65, 180, -15, 340, -170, 215, 265, -380, -90, 660, 805, 845, -185, 650, 70, -345, -30, 35, 495, 455, -225, -305, 560, 75, -25, 570, -95, -345, -220, -100, 735, -30, 145, 525, -45, 635, 800, 140, 290, -100, -205, 245, -235, -20, 805, 1460, 720, -155, 395, 210, -275, -185, 105, 1070, 265, 165, 965, 125, 1345, 420, -385, 465, 30, 565, 1135, 260, 850, 125, 525, -195, 5, 145, 755, -155, -165, 75, 1510, 840, 1030, 260, -320, -285, -70, -75, 1095, -210, -160, -270, 105, 35, 150, 485, -220, -210, 1015, 1225, 105, 70, 170, -300, -40, -65, -300, 145, -270, 200, 220, 865, -180, -370, 765, 1805, -250, 55, 605, 410, -355, -265, -140, -55, 405, 575, 310, 365, -50, -145, 370, 445, 0, 940, 370, -210, 315, -255, -55, 290, -185, -205, 550, 755, -375, -190, -330, -100, 525, 950, 155, 170, -225, -460, 555, 420, 195, 85, 660, -275, 435, -225, 1015, -195, -265, 295, -150, -350, -155, 680, 1170, 645, -95, 385, 95, -240, -165, 550, -40, 70, 360, -85, -55, 570, 215, -485, -155, -205]
*********************************************************************
Simulation Type:          Static
Learning Time:            0 sec
---------------------------------------------------------------------
Avg steps:                22.27
Avg reward/step:          8.013
Avg null action ratio:    [1.0, 1.0]
Avg invalid actions:      [0.0, 0.0]

Min steps:                5
Max steps:                68

Defender wins:            0
Attacker wins:            200

Steps each sim:           [7, 19, 13, 58, 15, 8, 9, 7, 42, 23, 32, 39, 42, 8, 15, 12, 37, 35, 12, 19, 13, 16, 23, 19, 20, 14, 42, 39, 19, 34, 11, 32, 7, 16, 6, 15, 20, 43, 25, 18, 32, 30, 25, 18, 11, 12, 20, 10, 20, 9, 23, 9, 13, 61, 26, 31, 14, 8, 18, 11, 9, 35, 6, 28, 7, 30, 19, 16, 25, 25, 5, 21, 20, 43, 11, 15, 30, 31, 34, 28, 5, 8, 6, 8, 46, 6, 16, 28, 16, 30, 16, 28, 33, 37, 35, 23, 9, 8, 13, 23, 17, 18, 26, 26, 35, 17, 11, 38, 11, 9, 8, 36, 18, 28, 7, 37, 11, 15, 49, 19, 39, 9, 17, 6, 19, 36, 12, 30, 12, 32, 15, 17, 17, 50, 29, 51, 24, 32, 28, 27, 19, 45, 22, 8, 12, 15, 9, 10, 21, 24, 47, 9, 21, 19, 36, 8, 13, 38, 7, 30, 30, 20, 21, 17, 18, 7, 16, 26, 6, 5, 18, 10, 39, 42, 22, 16, 58, 16, 14, 32, 22, 18, 46, 18, 14, 13, 28, 49, 68, 40, 30, 16, 35, 28, 18, 36, 32, 18, 11, 13]
Reward each sim:          [-180, -310, 80, 1230, -200, -170, -210, -230, 870, 430, 320, 390, 870, -270, -350, 20, 820, 200, -230, 290, -170, 210, 230, -160, 100, -160, 720, 640, 290, 290, -40, 370, -230, 210, -240, 100, 300, 280, 0, 80, 470, 50, 150, 30, -190, -180, 50, -100, 100, -210, 330, -110, -70, 1410, 360, 710, -210, -170, 230, -90, -210, 300, -240, 30, -230, 700, -260, 160, 350, 250, -300, 260, 50, 280, -40, -150, 100, 60, 640, 330, -300, -220, -240, -170, 960, -240, 60, 480, 160, 50, -90, 480, 830, 720, 450, 280, -160, -170, -170, 180, -230, 80, 460, 410, 300, 170, -40, 730, -40, -210, -220, 60, -70, 730, -180, 720, -140, -150, 890, 190, 790, -110, 70, -240, 390, 410, -230, 450, -180, 270, -300, 70, 170, 750, 690, 610, -60, 570, 230, 620, 290, 800, -230, -170, -180, 0, -160, -100, 260, -110, 1070, -160, 160, -160, 410, -120, 30, 780, -280, 350, 550, 50, 460, -330, 130, -180, -190, 160, -240, -300, 280, -50, 690, 820, 270, 60, 1230, 10, 90, 720, 520, -170, 960, 80, -260, -170, 580, 940, 1130, 700, 450, 210, 650, 580, 230, 510, 320, -170, -90, -170]
*********************************************************************
Defender2000 is the most effective algorithm with 38.09 avg steps.
Defender2000 is the most efficient algorithm with 12.651 avg reward/step.
