*********************************************************************
Starting Simulation Types: A2C, PPO, Random, Defender2000, Static
Simulations per Type:      100
Steps per Simulation:      5000
*********************************************************************
Simulation Type:          A2C
--------------------------------------------------------------------
Avg steps:                5000.0
Avg reward/step:          7.797
Avg null action ratio:    0.0

Min steps:                5000
Max steps:                5000

Defender wins:            100
Attacker wins:            0

Steps each sim:           [5000, 5000, 5000, 5000, 5000, 5000, 5000, 5000, 5000, 5000, 5000, 5000, 5000, 5000, 5000, 5000, 5000, 5000, 5000, 5000, 5000, 5000, 5000, 5000, 5000, 5000, 5000, 5000, 5000, 5000, 5000, 5000, 5000, 5000, 5000, 5000, 5000, 5000, 5000, 5000, 5000, 5000, 5000, 5000, 5000, 5000, 5000, 5000, 5000, 5000, 5000, 5000, 5000, 5000, 5000, 5000, 5000, 5000, 5000, 5000, 5000, 5000, 5000, 5000, 5000, 5000, 5000, 5000, 5000, 5000, 5000, 5000, 5000, 5000, 5000, 5000, 5000, 5000, 5000, 5000, 5000, 5000, 5000, 5000, 5000, 5000, 5000, 5000, 5000, 5000, 5000, 5000, 5000, 5000, 5000, 5000, 5000, 5000, 5000, 5000]
Reward each sim:          [39200, 39000, 39000, 38975, 38800, 38700, 39100, 38625, 39175, 39100, 39130, 39055, 39175, 38975, 38600, 38955, 39200, 39175, 38400, 38630, 38975, 38835, 38950, 39025, 39250, 39180, 39150, 38950, 39050, 39250, 39100, 39225, 39125, 38680, 39010, 38875, 39100, 38750, 38985, 39075, 39025, 38590, 38670, 39075, 38980, 39055, 38830, 38930, 39030, 38805, 38950, 39305, 38875, 38975, 38800, 38925, 39125, 39250, 39150, 39130, 39000, 39155, 39000, 38980, 39100, 39305, 39080, 38800, 38875, 39225, 38900, 39050, 38830, 39075, 39005, 38900, 38955, 38925, 38775, 38825, 38700, 38950, 39075, 39100, 39200, 39105, 39100, 39000, 39025, 38975, 38825, 38550, 39160, 39125, 38900, 38985, 39150, 38750, 39025, 38875]
*********************************************************************
Simulation Type:          PPO
--------------------------------------------------------------------
Avg steps:                5000.0
Avg reward/step:          7.797
Avg null action ratio:    0.0

Min steps:                5000
Max steps:                5000

Defender wins:            100
Attacker wins:            0

Steps each sim:           [5000, 5000, 5000, 5000, 5000, 5000, 5000, 5000, 5000, 5000, 5000, 5000, 5000, 5000, 5000, 5000, 5000, 5000, 5000, 5000, 5000, 5000, 5000, 5000, 5000, 5000, 5000, 5000, 5000, 5000, 5000, 5000, 5000, 5000, 5000, 5000, 5000, 5000, 5000, 5000, 5000, 5000, 5000, 5000, 5000, 5000, 5000, 5000, 5000, 5000, 5000, 5000, 5000, 5000, 5000, 5000, 5000, 5000, 5000, 5000, 5000, 5000, 5000, 5000, 5000, 5000, 5000, 5000, 5000, 5000, 5000, 5000, 5000, 5000, 5000, 5000, 5000, 5000, 5000, 5000, 5000, 5000, 5000, 5000, 5000, 5000, 5000, 5000, 5000, 5000, 5000, 5000, 5000, 5000, 5000, 5000, 5000, 5000, 5000, 5000]
Reward each sim:          [39000, 38980, 39125, 39075, 39175, 39250, 39025, 38750, 38955, 39175, 38875, 39155, 38875, 39200, 39125, 38930, 38950, 38800, 39075, 39225, 39075, 38930, 39150, 38775, 39225, 38855, 39055, 38855, 38775, 38775, 39210, 38600, 38780, 38925, 38765, 38830, 39075, 39225, 38985, 39000, 39125, 38750, 38950, 38900, 39005, 39425, 39000, 39000, 39150, 38880, 39075, 38955, 39075, 38755, 38735, 38900, 39005, 38950, 38950, 39005, 38950, 39025, 38910, 38980, 39125, 39375, 39155, 39180, 38805, 38810, 39175, 38975, 38900, 38950, 38825, 38950, 38950, 38835, 39025, 39225, 38975, 39175, 38975, 39055, 38950, 38605, 38955, 38975, 38950, 38950, 38950, 38875, 38975, 39000, 38950, 38980, 38800, 38955, 39300, 39050]
*********************************************************************
Simulation Type:          Random
--------------------------------------------------------------------
Avg steps:                2280.27
Avg reward/step:          -0.199
Avg null action ratio:    0.045

Min steps:                7
Max steps:                5000

Defender wins:            16
Attacker wins:            84

Steps each sim:           [620, 648, 869, 41, 664, 1001, 678, 3596, 1228, 5000, 699, 398, 1809, 2854, 2582, 537, 458, 2625, 1079, 1504, 1108, 2116, 988, 3725, 606, 635, 390, 2273, 22, 5000, 4664, 2880, 5000, 902, 3875, 1122, 2475, 764, 4480, 5000, 5000, 5000, 1266, 2405, 809, 7, 849, 4465, 2316, 1758, 1060, 4405, 5000, 4849, 685, 3314, 458, 1435, 4350, 5000, 1455, 2414, 703, 8, 570, 5000, 3658, 4681, 1526, 5000, 5000, 1772, 5000, 1597, 370, 1641, 110, 3804, 5000, 534, 3074, 2305, 5000, 1106, 5000, 60, 814, 1177, 355, 3240, 2227, 364, 5000, 3392, 1578, 3834, 2505, 3779, 2021, 7]
Reward each sim:          [-208, -366, -1062, -381, 37, -1037, -353, -1108, -506, -1383, -366, -341, 542, 650, 358, -200, -567, -1360, 286, -740, -734, -281, -215, -564, -226, -623, 219, -501, -311, -2645, 433, -345, 864, -918, -1874, -9, -1249, -414, -664, 1060, -454, 483, -819, -1542, -1579, -250, -860, 609, -948, 918, -196, 294, -1355, -2244, -33, -19, -561, 129, -1637, -195, -889, 366, -167, -290, 175, 477, -681, -2990, -888, -441, -457, -436, -638, -482, -257, -636, -137, -2311, 667, -262, 793, -1426, -395, -303, -881, -545, -226, -1072, -253, -186, -603, -13, 212, 63, 259, -999, -42, -1447, -403, -244]
*********************************************************************
Simulation Type:          Defender2000
--------------------------------------------------------------------
Avg steps:                3765.92
Avg reward/step:          2.56
Avg null action ratio:    0.193

Min steps:                4
Max steps:                5000

Defender wins:            56
Attacker wins:            44

Steps each sim:           [5000, 5000, 5000, 2954, 478, 5000, 5000, 614, 1524, 5000, 1565, 5000, 3593, 5000, 5000, 1433, 5000, 3163, 858, 5000, 2882, 3718, 300, 910, 5000, 3684, 5000, 5000, 3427, 5000, 4788, 4285, 5000, 5000, 5000, 5000, 4, 5000, 5000, 5000, 508, 1513, 5000, 4244, 271, 5000, 5000, 4640, 5000, 1658, 2202, 5000, 5000, 5000, 1492, 1367, 5000, 5000, 5000, 5000, 5000, 3881, 5000, 5000, 5000, 2638, 5000, 5000, 5000, 3376, 1730, 520, 5000, 5000, 5000, 5000, 4377, 853, 902, 5000, 5000, 2937, 5000, 5000, 1666, 3306, 3122, 1105, 2071, 5000, 5000, 1946, 1366, 2721, 5000, 5000, 5000, 5000, 5000, 5000]
Reward each sim:          [12239, 13325, 13044, 7701, 952, 13447, 13235, 1375, 3275, 12499, 3915, 13252, 8547, 12499, 13427, 3719, 13284, 7933, 1880, 12651, 7611, 8909, 421, 1878, 13019, 9182, 13105, 12723, 8651, 13240, 12101, 11079, 12081, 12942, 12547, 12642, -227, 12548, 12988, 12970, 1218, 3703, 12446, 10679, 280, 13606, 12862, 11557, 13997, 4118, 5414, 13367, 12854, 12665, 3419, 3110, 13059, 13076, 12956, 12939, 13483, 10050, 13441, 13204, 13227, 6659, 12712, 12779, 12550, 8093, 4263, 1362, 12827, 12738, 13219, 12762, 10317, 1669, 2422, 12925, 13092, 7161, 13556, 12903, 3918, 8537, 8021, 2821, 5414, 13291, 12702, 4943, 3688, 6817, 13061, 12330, 12463, 11856, 13033, 13804]
*********************************************************************
Simulation Type:          Static
--------------------------------------------------------------------
Avg steps:                4.51
Avg reward/step:          -50.166
Avg null action ratio:    1.0

Min steps:                4
Max steps:                25

Defender wins:            0
Attacker wins:            100

Steps each sim:           [25, 9, 4, 6, 4, 4, 6, 8, 4, 4, 12, 4, 5, 6, 4, 4, 4, 4, 4, 4, 4, 4, 4, 4, 4, 4, 4, 4, 4, 4, 4, 4, 4, 4, 4, 4, 4, 4, 4, 4, 4, 4, 4, 4, 4, 4, 4, 4, 4, 4, 4, 4, 4, 4, 4, 4, 4, 4, 4, 4, 4, 4, 4, 8, 4, 4, 4, 4, 6, 4, 4, 4, 4, 4, 4, 4, 4, 4, 4, 4, 4, 4, 4, 4, 4, 4, 4, 4, 4, 4, 4, 4, 4, 4, 4, 4, 4, 4, 4, 4]
Reward each sim:          [-370, -305, -220, -225, -220, -220, -225, -315, -220, -220, -410, -220, -210, -225, -220, -220, -220, -220, -220, -220, -220, -220, -220, -220, -220, -220, -220, -220, -220, -220, -220, -220, -220, -220, -220, -220, -220, -220, -220, -220, -220, -220, -220, -220, -220, -220, -220, -220, -220, -220, -220, -220, -220, -220, -220, -220, -220, -220, -220, -220, -220, -220, -220, -315, -220, -220, -220, -220, -225, -220, -220, -220, -220, -220, -220, -220, -220, -220, -220, -220, -220, -220, -220, -220, -220, -220, -220, -220, -220, -220, -220, -220, -220, -220, -220, -220, -220, -220, -220, -220]
*********************************************************************
A2C is the most effective algorithm with 5000.0 avg steps.
A2C is the most efficient algorithm with 7.797 avg reward/step.
