*********************************************************************
Starting Simulation Types: A2C, PPO, Defender2000, Random, Static
Simulations per Type:      200
Steps per Simulation:      5000
---------------------------------------------------------------------
Graph Name:                simple_webservice
Attack Name:               professional
Only Nodes:                False
Only Prevention Systems:   False
Nodes Pause:               1
Prevention Systems Pause:  1
*********************************************************************
Simulation Type:          A2C
Learning Time:            74.8 sec
---------------------------------------------------------------------
Avg steps:                4981.02
Avg reward/step:          52.464
Avg null action ratio:    [0.138, 0.021]
Avg invalid actions:      [0.0, 0.0]

Min steps:                1204
Max steps:                5000

Defender wins:            199
Attacker wins:            1

Steps each sim:           [5000, 5000, 5000, 5000, 5000, 5000, 5000, 5000, 5000, 5000, 5000, 5000, 5000, 5000, 5000, 5000, 5000, 5000, 5000, 5000, 5000, 5000, 5000, 5000, 5000, 5000, 5000, 5000, 5000, 5000, 5000, 5000, 5000, 5000, 5000, 5000, 5000, 5000, 5000, 5000, 5000, 5000, 5000, 5000, 5000, 5000, 5000, 5000, 5000, 5000, 5000, 5000, 5000, 5000, 5000, 5000, 5000, 5000, 5000, 5000, 5000, 5000, 5000, 5000, 5000, 5000, 5000, 5000, 5000, 5000, 5000, 5000, 5000, 5000, 5000, 5000, 5000, 5000, 5000, 5000, 5000, 5000, 5000, 5000, 5000, 5000, 5000, 5000, 5000, 5000, 5000, 5000, 5000, 5000, 5000, 5000, 5000, 5000, 5000, 5000, 5000, 5000, 5000, 5000, 5000, 5000, 5000, 5000, 5000, 5000, 5000, 5000, 5000, 5000, 5000, 5000, 5000, 5000, 5000, 5000, 5000, 5000, 5000, 5000, 5000, 5000, 5000, 5000, 5000, 5000, 5000, 5000, 5000, 5000, 5000, 5000, 5000, 5000, 1204, 5000, 5000, 5000, 5000, 5000, 5000, 5000, 5000, 5000, 5000, 5000, 5000, 5000, 5000, 5000, 5000, 5000, 5000, 5000, 5000, 5000, 5000, 5000, 5000, 5000, 5000, 5000, 5000, 5000, 5000, 5000, 5000, 5000, 5000, 5000, 5000, 5000, 5000, 5000, 5000, 5000, 5000, 5000, 5000, 5000, 5000, 5000, 5000, 5000, 5000, 5000, 5000, 5000, 5000, 5000, 5000, 5000, 5000, 5000, 5000, 5000]
Reward each sim:          [261532, 262026, 262668, 262509, 261936, 262536, 261312, 261623, 262816, 262093, 261931, 261641, 261692, 262494, 261795, 262803, 263109, 262225, 262939, 261295, 262324, 262196, 262055, 262976, 262516, 262208, 261908, 261677, 262404, 261726, 262182, 262806, 262641, 260641, 262202, 262257, 262244, 263090, 262582, 262109, 262538, 263069, 262474, 261744, 263565, 261937, 262439, 261231, 261776, 263244, 262500, 262267, 262769, 262607, 263122, 261695, 261128, 262516, 262928, 262455, 261554, 261658, 262249, 263311, 261318, 261806, 262042, 262526, 263005, 262215, 262771, 261191, 263757, 262326, 262160, 263239, 262668, 263067, 261799, 263011, 262288, 262678, 263348, 261574, 260851, 262106, 262045, 262158, 262517, 260286, 261368, 262981, 262089, 261847, 262174, 262449, 261433, 262743, 263509, 262170, 262852, 262695, 261145, 261834, 262949, 262702, 263039, 262027, 261511, 261228, 262569, 261988, 263310, 262785, 263093, 262193, 262512, 263454, 262251, 261919, 263116, 262053, 263774, 262328, 262059, 263062, 261900, 262035, 262604, 262521, 261927, 262259, 261633, 262137, 262395, 262737, 263177, 262465, 62690, 262965, 262317, 263022, 261939, 262221, 262251, 261715, 262668, 261222, 262422, 261215, 262348, 261927, 262938, 262660, 262762, 262356, 262126, 262287, 262700, 262229, 263490, 261724, 263133, 262799, 262446, 261480, 261078, 262285, 262206, 262634, 262400, 261799, 262639, 262317, 262043, 263339, 262015, 263276, 262695, 262760, 261145, 262545, 262388, 262094, 263455, 262114, 263047, 262631, 262353, 262128, 262398, 262683, 262292, 262601, 262226, 261804, 262024, 262969, 262874, 261656]
*********************************************************************
Simulation Type:          PPO
Learning Time:            147.5 sec
---------------------------------------------------------------------
Avg steps:                4975.745
Avg reward/step:          54.084
Avg null action ratio:    [0.331, 0.003]
Avg invalid actions:      [0.0, 0.0]

Min steps:                149
Max steps:                5000

Defender wins:            199
Attacker wins:            1

Steps each sim:           [5000, 5000, 5000, 5000, 5000, 5000, 5000, 5000, 5000, 5000, 5000, 5000, 5000, 5000, 5000, 5000, 5000, 5000, 5000, 5000, 5000, 5000, 5000, 5000, 5000, 5000, 5000, 5000, 5000, 5000, 5000, 5000, 5000, 5000, 5000, 5000, 5000, 5000, 5000, 5000, 5000, 5000, 5000, 5000, 5000, 5000, 5000, 5000, 5000, 5000, 5000, 5000, 5000, 5000, 5000, 5000, 5000, 5000, 5000, 5000, 5000, 5000, 5000, 5000, 5000, 5000, 5000, 5000, 5000, 5000, 5000, 5000, 5000, 5000, 5000, 5000, 5000, 5000, 5000, 5000, 5000, 5000, 5000, 5000, 5000, 5000, 5000, 5000, 5000, 5000, 5000, 5000, 5000, 5000, 5000, 5000, 5000, 5000, 5000, 5000, 5000, 5000, 5000, 5000, 5000, 5000, 5000, 5000, 5000, 5000, 5000, 5000, 5000, 5000, 5000, 5000, 5000, 5000, 5000, 5000, 5000, 5000, 5000, 5000, 5000, 5000, 5000, 5000, 5000, 5000, 5000, 5000, 5000, 5000, 5000, 5000, 5000, 5000, 149, 5000, 5000, 5000, 5000, 5000, 5000, 5000, 5000, 5000, 5000, 5000, 5000, 5000, 5000, 5000, 5000, 5000, 5000, 5000, 5000, 5000, 5000, 5000, 5000, 5000, 5000, 5000, 5000, 5000, 5000, 5000, 5000, 5000, 5000, 5000, 5000, 5000, 5000, 5000, 5000, 5000, 5000, 5000, 5000, 5000, 5000, 5000, 5000, 5000, 5000, 5000, 5000, 5000, 5000, 5000, 5000, 5000, 5000, 5000, 5000, 5000]
Reward each sim:          [269959, 270100, 270472, 270436, 270178, 270491, 270799, 269731, 270427, 270723, 270783, 270389, 270910, 270529, 270373, 269812, 271252, 270705, 270084, 270225, 270770, 270799, 271108, 270761, 270614, 270752, 270696, 270624, 270241, 270736, 270673, 270051, 270722, 269790, 270055, 270256, 271013, 271016, 270934, 269808, 270482, 269667, 270097, 269378, 270615, 269713, 269731, 270512, 269959, 270313, 270002, 271299, 270598, 271091, 270837, 270638, 270836, 270776, 269750, 270092, 270089, 270436, 269992, 270852, 270539, 270342, 270552, 270795, 271300, 269776, 269878, 271000, 270743, 270447, 269954, 270682, 270674, 269997, 270664, 270274, 270353, 270487, 270200, 270722, 270150, 270575, 270420, 270849, 270329, 271041, 271260, 270218, 270123, 270944, 269729, 270294, 269545, 270891, 270865, 270259, 271297, 270670, 270428, 269904, 270910, 270895, 270556, 269873, 269732, 270712, 270342, 270512, 269913, 270445, 270130, 270576, 270498, 270074, 270732, 270463, 270371, 270952, 270993, 270462, 270598, 270780, 269940, 270103, 270313, 270382, 270588, 269939, 270250, 271010, 270544, 270467, 270250, 271294, 7489, 270501, 269956, 270810, 271713, 269918, 269989, 269545, 270440, 270488, 270070, 269867, 270401, 270402, 270704, 270425, 270490, 270632, 270747, 270985, 270471, 270087, 270912, 270924, 270107, 270537, 270585, 271319, 269872, 269462, 270135, 270325, 270052, 270504, 271001, 269796, 269888, 270126, 269811, 270488, 270802, 270195, 270195, 270371, 269730, 269963, 271325, 269992, 269895, 270575, 270152, 270447, 270088, 270975, 270501, 270621, 270690, 269855, 269689, 270248, 270600, 270370]
*********************************************************************
Simulation Type:          Defender2000
Learning Time:            0 sec
---------------------------------------------------------------------
Avg steps:                166.705
Avg reward/step:          34.119
Avg null action ratio:    [0.099, 0.274]
Avg invalid actions:      [0.0, 0.0]

Min steps:                5
Max steps:                843

Defender wins:            0
Attacker wins:            200

Steps each sim:           [107, 39, 24, 12, 85, 26, 259, 92, 344, 88, 118, 74, 274, 84, 85, 19, 7, 377, 316, 174, 53, 530, 113, 67, 130, 66, 129, 34, 28, 197, 59, 33, 21, 279, 124, 14, 31, 18, 194, 11, 110, 202, 236, 156, 65, 67, 30, 199, 177, 228, 77, 247, 145, 24, 11, 162, 242, 14, 261, 155, 77, 5, 36, 57, 416, 30, 431, 321, 792, 467, 119, 168, 187, 37, 78, 39, 55, 102, 138, 344, 138, 126, 111, 48, 145, 477, 404, 414, 77, 570, 298, 34, 13, 84, 132, 255, 160, 203, 198, 26, 124, 23, 39, 348, 240, 55, 179, 27, 252, 215, 51, 72, 153, 111, 252, 69, 71, 20, 20, 15, 409, 69, 192, 38, 107, 377, 113, 111, 70, 84, 98, 276, 100, 218, 190, 639, 126, 497, 428, 33, 184, 377, 31, 230, 17, 142, 9, 66, 18, 272, 21, 96, 76, 125, 155, 76, 57, 72, 497, 164, 843, 180, 690, 119, 50, 5, 236, 196, 91, 274, 24, 74, 162, 358, 673, 106, 48, 121, 14, 158, 35, 747, 25, 701, 243, 12, 260, 358, 219, 257, 23, 339, 82, 136, 24, 82, 445, 220, 142, 18]
Reward each sim:          [3649, 1157, 401, 2, 2341, 496, 9559, 3153, 12668, 3279, 3783, 2183, 10133, 2747, 2851, 286, -256, 14349, 10588, 6211, 1708, 19242, 3397, 1983, 4150, 2362, 4117, 642, 716, 6185, 1931, 938, 349, 9029, 3951, 103, 628, 238, 6723, -106, 4072, 7680, 8507, 6009, 1815, 2377, 861, 6827, 5014, 7671, 2056, 9102, 4920, 391, -57, 5115, 8459, 66, 9229, 5452, 2804, -335, 934, 1870, 14779, 520, 14828, 10958, 28798, 17535, 3618, 5471, 6589, 918, 2553, 1101, 1729, 3583, 3851, 12032, 5125, 4356, 3127, 1441, 4420, 16461, 14434, 14411, 2543, 20082, 11587, 739, 18, 2812, 3587, 9501, 5151, 7458, 7203, 567, 3907, 390, 850, 12500, 8794, 1263, 6588, 349, 7919, 7618, 1311, 2382, 5526, 3403, 7668, 2307, 1767, 332, 276, 158, 13838, 1942, 6513, 1011, 3882, 13977, 3337, 3620, 2146, 2688, 3201, 9895, 3781, 7603, 6788, 23091, 4169, 18351, 15746, 836, 6672, 13365, 554, 8234, 327, 3764, -207, 1875, 276, 9383, 387, 2692, 2475, 3914, 4834, 2212, 1376, 2619, 18429, 5640, 30099, 6524, 25079, 2921, 1282, -328, 8092, 6914, 3106, 9781, 87, 2267, 5451, 12655, 24374, 3516, 1131, 4135, 169, 5462, 794, 26967, 351, 25170, 8352, -149, 9128, 12900, 7841, 8924, 454, 12307, 2513, 4836, 510, 1909, 17311, 6667, 4647, 270]
*********************************************************************
Simulation Type:          Random
Learning Time:            0 sec
---------------------------------------------------------------------
Avg steps:                112.815
Avg reward/step:          28.558
Avg null action ratio:    [0.127, 0.334]
Avg invalid actions:      [0.0, 0.0]

Min steps:                5
Max steps:                492

Defender wins:            0
Attacker wins:            200

Steps each sim:           [122, 139, 436, 100, 105, 141, 34, 87, 126, 44, 39, 23, 90, 76, 17, 21, 23, 57, 385, 69, 59, 18, 113, 269, 117, 133, 82, 101, 48, 8, 157, 80, 55, 154, 25, 59, 26, 207, 108, 149, 214, 106, 147, 167, 152, 21, 255, 126, 227, 40, 60, 30, 21, 42, 91, 11, 281, 118, 276, 192, 15, 30, 62, 99, 336, 7, 240, 84, 164, 112, 33, 81, 5, 71, 7, 151, 136, 129, 106, 45, 7, 31, 21, 210, 136, 115, 63, 12, 479, 57, 105, 96, 47, 8, 15, 96, 42, 73, 118, 29, 88, 211, 68, 194, 61, 207, 246, 320, 131, 148, 12, 70, 421, 25, 107, 35, 86, 187, 58, 114, 67, 65, 52, 56, 102, 136, 262, 115, 63, 359, 144, 178, 23, 35, 121, 36, 30, 37, 140, 29, 15, 58, 102, 132, 469, 304, 26, 10, 45, 10, 332, 40, 49, 245, 47, 301, 79, 26, 86, 126, 69, 227, 420, 28, 96, 51, 258, 139, 22, 103, 32, 139, 89, 174, 25, 82, 108, 63, 206, 492, 62, 194, 79, 48, 87, 55, 156, 437, 8, 31, 76, 96, 195, 58, 80, 86, 90, 59, 57, 93]
Reward each sim:          [3692, 4333, 13795, 2225, 3276, 4815, 132, 2802, 3885, 845, 1070, 493, 2229, 2283, 78, 136, 544, 1542, 12280, 2004, 1501, 130, 3368, 8044, 3272, 3912, 2357, 2845, 807, -216, 3996, 1799, 1271, 4353, 517, 1042, 512, 6396, 3265, 4780, 6017, 2838, 4316, 4078, 4609, 257, 8322, 3217, 7596, 727, 1375, 477, 401, 882, 2628, -245, 9093, 4086, 8120, 6527, 74, 581, 1510, 2796, 11904, -218, 7606, 2056, 4056, 3261, 495, 2236, -335, 1306, -229, 4157, 3842, 3474, 3878, 1105, -213, 704, 332, 6814, 3574, 3249, 1813, -55, 15081, 1495, 2380, 2214, 1362, -213, 28, 2594, 829, 2040, 3319, 369, 2115, 6605, 1974, 5442, 1751, 6648, 7488, 9421, 4180, 3986, -299, 1580, 13594, 249, 3293, 598, 2453, 5857, 1498, 3326, 1627, 1896, 781, 1151, 3189, 3353, 7480, 3694, 1461, 10897, 4371, 5683, 400, 706, 3919, 508, 383, 866, 4174, 635, 111, 1569, 3029, 4447, 14109, 7627, -37, -57, 1027, -104, 9864, 821, 1781, 7803, 464, 10512, 2343, 414, 2580, 3567, 1816, 6594, 12935, 610, 2981, 1125, 8229, 3756, -13, 3596, 381, 3797, 2045, 4963, 272, 1760, 3131, 1443, 6649, 16471, 1721, 6245, 1994, 705, 2952, 1048, 4774, 13734, -166, 577, 1786, 2335, 5995, 1504, 1898, 2947, 2418, 1726, 1299, 2518]
*********************************************************************
Simulation Type:          Static
Learning Time:            0 sec
---------------------------------------------------------------------
Avg steps:                21.99
Avg reward/step:          7.385
Avg null action ratio:    [1.0, 1.0]
Avg invalid actions:      [0.0, 0.0]

Min steps:                5
Max steps:                56

Defender wins:            0
Attacker wins:            200

Steps each sim:           [29, 13, 14, 15, 14, 6, 10, 30, 11, 41, 20, 18, 12, 20, 12, 5, 20, 28, 18, 40, 55, 7, 26, 28, 20, 12, 28, 8, 6, 16, 25, 18, 16, 23, 46, 12, 23, 6, 6, 7, 24, 10, 23, 43, 7, 43, 9, 29, 12, 14, 34, 8, 16, 22, 17, 56, 16, 8, 24, 14, 26, 15, 26, 15, 26, 42, 6, 17, 14, 17, 37, 40, 23, 12, 20, 31, 18, 20, 38, 14, 15, 32, 17, 9, 8, 22, 8, 11, 14, 30, 37, 26, 10, 24, 10, 6, 27, 16, 30, 14, 37, 18, 19, 6, 34, 42, 13, 25, 34, 8, 27, 8, 7, 14, 15, 45, 17, 14, 28, 48, 14, 15, 18, 13, 13, 19, 46, 32, 7, 22, 28, 17, 20, 14, 12, 6, 10, 39, 22, 11, 7, 26, 18, 13, 23, 21, 20, 12, 15, 23, 7, 50, 20, 47, 38, 26, 26, 27, 33, 14, 11, 43, 36, 20, 12, 45, 32, 35, 40, 38, 30, 47, 15, 29, 15, 46, 14, 12, 33, 9, 38, 52, 14, 21, 42, 17, 9, 19, 18, 26, 34, 27, 13, 14, 15, 18, 29, 46, 41, 24]
Reward each sim:          [190, -270, -360, -200, 140, -240, -250, 600, -140, 510, 300, 30, -230, 100, -130, -300, -200, 130, -20, 750, 1200, -180, 610, -20, -250, 20, 530, -270, -240, -140, 0, 180, 210, 430, 910, -80, 230, -240, -240, -180, 340, -50, 30, 680, -230, 680, -110, 390, -30, -110, 540, -170, 160, 270, -180, 860, -140, -170, 240, -10, 310, -300, 410, -200, 410, 920, -240, -230, -160, 120, 720, 350, 280, -180, 300, 360, -70, 0, 680, -260, 0, 720, 170, -110, -170, 270, -120, -240, -110, 150, 320, 210, -150, 340, -150, -240, 370, -190, 450, -210, 670, -20, 140, -240, 590, 470, -170, 400, 540, -270, 320, -270, -180, -210, -150, 1100, -280, -160, 330, 680, -260, -200, 330, -20, -220, -310, 910, 670, -230, 420, 180, -30, 200, -10, 20, -240, -100, 740, 70, -240, -230, 210, 80, 80, 130, 260, 50, -130, 100, 380, -180, 850, 50, 570, 430, 510, 360, 170, 880, 90, -290, 1030, 860, 50, -80, 1000, 320, 500, 1000, 580, 400, 870, -150, 440, -200, 510, 90, -230, 330, -210, 680, 770, -260, 260, 870, 170, -210, -10, 230, 510, 140, 370, -270, 140, -200, 80, 440, 1060, 460, 390]
*********************************************************************
A2C is the most effective algorithm with 4981.02 avg steps.
PPO is the most efficient algorithm with 54.084 avg reward/step.
