*********************************************************************
Starting Simulation Types: A2C, PPO, Random, Defender2000, Static
Simulations per Type:      100
Steps per Simulation:      5000
*********************************************************************
Simulation Type:          A2C
--------------------------------------------------------------------
Avg steps:                4918.65
Avg reward/step:          3.554
Avg null action ratio:    0.067

Min steps:                51
Max steps:                5000

Defender wins:            98
Attacker wins:            2

Steps each sim:           [5000, 5000, 5000, 5000, 5000, 5000, 5000, 5000, 5000, 5000, 5000, 5000, 5000, 5000, 5000, 5000, 5000, 5000, 5000, 5000, 5000, 5000, 5000, 5000, 5000, 5000, 5000, 5000, 5000, 5000, 5000, 5000, 5000, 5000, 5000, 5000, 5000, 5000, 5000, 5000, 5000, 5000, 5000, 5000, 5000, 5000, 5000, 5000, 5000, 5000, 5000, 5000, 5000, 5000, 5000, 5000, 5000, 5000, 5000, 5000, 5000, 5000, 5000, 5000, 5000, 5000, 5000, 5000, 5000, 5000, 5000, 5000, 5000, 5000, 5000, 5000, 5000, 5000, 5000, 51, 5000, 5000, 5000, 5000, 5000, 5000, 5000, 5000, 5000, 1814, 5000, 5000, 5000, 5000, 5000, 5000, 5000, 5000, 5000, 5000]
Reward each sim:          [18004, 17788, 17392, 18210, 17416, 17976, 17166, 18058, 18104, 18390, 18357, 17793, 16600, 17649, 18380, 17643, 18086, 18007, 18269, 17359, 17799, 18284, 18369, 17803, 17868, 17384, 17249, 17555, 17293, 18279, 17257, 17501, 17605, 17346, 18027, 17744, 17422, 17914, 16964, 18014, 18125, 17515, 17540, 17814, 18288, 18199, 17469, 17625, 17974, 18131, 18021, 17949, 17498, 18435, 17252, 17232, 17948, 18143, 17846, 17476, 18242, 18092, 17003, 18555, 17859, 18160, 18313, 18048, 17445, 17830, 17198, 17943, 17832, 17941, 17688, 17853, 18355, 18299, 17547, -98, 18365, 17579, 17649, 17806, 17955, 17716, 16757, 17272, 17603, 6002, 17930, 16930, 17778, 17543, 17176, 18250, 17849, 17891, 17863, 17457]
*********************************************************************
Simulation Type:          PPO
--------------------------------------------------------------------
Avg steps:                5000.0
Avg reward/step:          7.31
Avg null action ratio:    0.021

Min steps:                5000
Max steps:                5000

Defender wins:            100
Attacker wins:            0

Steps each sim:           [5000, 5000, 5000, 5000, 5000, 5000, 5000, 5000, 5000, 5000, 5000, 5000, 5000, 5000, 5000, 5000, 5000, 5000, 5000, 5000, 5000, 5000, 5000, 5000, 5000, 5000, 5000, 5000, 5000, 5000, 5000, 5000, 5000, 5000, 5000, 5000, 5000, 5000, 5000, 5000, 5000, 5000, 5000, 5000, 5000, 5000, 5000, 5000, 5000, 5000, 5000, 5000, 5000, 5000, 5000, 5000, 5000, 5000, 5000, 5000, 5000, 5000, 5000, 5000, 5000, 5000, 5000, 5000, 5000, 5000, 5000, 5000, 5000, 5000, 5000, 5000, 5000, 5000, 5000, 5000, 5000, 5000, 5000, 5000, 5000, 5000, 5000, 5000, 5000, 5000, 5000, 5000, 5000, 5000, 5000, 5000, 5000, 5000, 5000, 5000]
Reward each sim:          [36687, 36487, 36416, 35709, 35996, 36906, 36278, 36962, 36648, 36678, 36618, 36426, 36394, 36636, 36474, 36687, 36578, 36501, 36547, 36753, 36834, 37000, 36246, 36583, 36770, 36487, 36367, 36659, 36639, 36747, 36258, 36660, 36160, 36157, 36260, 36476, 36889, 36232, 36814, 36669, 36318, 36725, 36903, 36558, 36726, 36585, 36173, 36176, 36206, 36684, 36818, 36717, 36357, 36609, 36504, 36916, 36598, 36749, 36451, 36785, 36739, 36452, 36455, 36358, 35889, 36785, 36386, 36439, 36338, 36599, 36738, 36340, 36549, 36609, 36169, 37004, 36682, 36710, 36731, 35954, 36057, 36551, 36316, 37109, 36640, 36776, 36591, 36533, 36693, 36867, 36709, 36336, 36334, 36453, 36722, 36866, 36222, 36685, 36671, 36925]
*********************************************************************
Simulation Type:          Random
--------------------------------------------------------------------
Avg steps:                2538.06
Avg reward/step:          -0.224
Avg null action ratio:    0.041

Min steps:                4
Max steps:                5000

Defender wins:            16
Attacker wins:            84

Steps each sim:           [2421, 1294, 5000, 2069, 4403, 4570, 794, 3887, 2684, 2895, 5000, 1035, 5000, 4417, 3151, 752, 690, 4088, 3342, 3155, 4831, 3399, 404, 5000, 1276, 405, 4236, 15, 1407, 4139, 3093, 78, 5000, 562, 2824, 1839, 36, 1451, 952, 4, 5000, 3260, 1411, 4663, 2142, 955, 2312, 58, 565, 1213, 819, 3526, 5000, 3406, 5000, 4003, 2792, 3592, 5000, 1147, 2548, 6, 756, 55, 12, 686, 2103, 5000, 552, 220, 2367, 5000, 2434, 1586, 3854, 1973, 2428, 2774, 2935, 1010, 4725, 5000, 3196, 1627, 5000, 719, 5000, 3995, 5000, 3546, 788, 66, 2922, 1791, 1396, 4550, 245, 2343, 1136, 5000]
Reward each sim:          [-1606, -316, -1516, -741, -422, -2565, -686, -1654, -1845, 563, 198, -325, -171, -1437, -1726, -72, -90, -754, -805, -217, -1391, -8, -588, -2331, 283, -843, -544, -335, -671, 150, -842, -270, -386, -453, -1233, -1577, -398, 35, -127, -239, -573, -376, 153, -1081, -310, 136, -377, -243, -407, -503, -37, 51, -174, -876, -317, -2421, -161, -1300, 506, 636, -1144, -254, -695, -243, -361, 71, -1018, -711, -440, -213, -176, -3150, -1281, 250, -2122, -900, -1976, 386, -464, -100, 571, -596, -1012, -362, 753, -118, 353, -147, -1549, -756, -125, -378, -605, 450, -673, -1112, -789, -790, -178, 349]
*********************************************************************
Simulation Type:          Defender2000
--------------------------------------------------------------------
Avg steps:                3359.92
Avg reward/step:          2.522
Avg null action ratio:    0.191

Min steps:                5
Max steps:                5000

Defender wins:            44
Attacker wins:            56

Steps each sim:           [1222, 948, 3101, 10, 3152, 5000, 1783, 5000, 5000, 5000, 4841, 1316, 592, 5, 5000, 1678, 3842, 5000, 5000, 2809, 2257, 814, 2962, 4054, 5000, 3184, 2930, 3412, 5000, 5000, 1107, 2450, 908, 5000, 962, 5000, 112, 5000, 769, 5000, 2165, 4912, 46, 5000, 5000, 5000, 5000, 5000, 2104, 5000, 5000, 5000, 1684, 1443, 1240, 1796, 2301, 484, 1493, 2576, 1771, 2444, 5000, 1955, 5000, 5000, 2784, 5000, 5000, 5000, 5000, 5000, 1440, 1241, 5000, 1999, 459, 4008, 5000, 5000, 886, 4831, 5000, 5000, 5000, 5000, 2377, 5000, 5000, 5000, 211, 5000, 2177, 2486, 5000, 4075, 5000, 3586, 3798, 5000]
Reward each sim:          [2543, 2147, 7744, -200, 7659, 12849, 4444, 13279, 12613, 12615, 12277, 2877, 1234, -233, 13846, 3869, 9163, 12394, 12455, 7327, 5450, 2019, 7740, 10203, 13216, 7770, 7201, 8381, 12444, 12964, 2823, 6010, 2020, 13696, 2020, 12960, 136, 12958, 1856, 11394, 5391, 12249, -152, 13269, 13469, 12478, 13107, 12807, 5291, 12152, 12896, 14282, 4053, 3378, 3091, 5032, 5778, 837, 3717, 6340, 4656, 5702, 12035, 4369, 12828, 12541, 6425, 12755, 11481, 12223, 12987, 12837, 3767, 2975, 12300, 5152, 989, 10011, 12812, 12773, 2113, 12270, 12761, 12823, 13428, 13294, 5631, 12449, 12195, 13115, 256, 13035, 5277, 6313, 13078, 10038, 12550, 8707, 9375, 13296]
*********************************************************************
Simulation Type:          Static
--------------------------------------------------------------------
Avg steps:                4.64
Avg reward/step:          -49.095
Avg null action ratio:    1.0

Min steps:                4
Max steps:                32

Defender wins:            0
Attacker wins:            100

Steps each sim:           [32, 9, 11, 4, 4, 4, 4, 4, 4, 4, 4, 12, 10, 4, 4, 4, 4, 4, 4, 4, 4, 4, 4, 4, 4, 4, 9, 4, 4, 4, 4, 4, 8, 4, 4, 4, 4, 4, 4, 4, 4, 4, 4, 4, 4, 4, 4, 4, 4, 4, 4, 4, 4, 4, 4, 4, 4, 4, 4, 4, 4, 4, 4, 4, 4, 4, 4, 4, 4, 4, 4, 4, 4, 4, 5, 4, 4, 4, 4, 4, 4, 4, 4, 4, 4, 4, 4, 4, 4, 4, 4, 4, 4, 4, 4, 4, 4, 4, 4, 4]
Reward each sim:          [-400, -265, -355, -220, -220, -220, -220, -220, -220, -220, -220, -410, -320, -220, -220, -220, -220, -220, -220, -220, -220, -220, -220, -220, -220, -220, -265, -220, -220, -220, -220, -220, -315, -220, -220, -220, -220, -220, -220, -220, -220, -220, -220, -220, -220, -220, -220, -220, -220, -220, -220, -220, -220, -220, -220, -220, -220, -220, -220, -220, -220, -220, -220, -220, -220, -220, -220, -220, -220, -220, -220, -220, -220, -220, -210, -220, -220, -220, -220, -220, -220, -220, -220, -220, -220, -220, -220, -220, -220, -220, -220, -220, -220, -220, -220, -220, -220, -220, -220, -220]
*********************************************************************
PPO is the most effective algorithm with 5000.0 avg steps.
PPO is the most efficient algorithm with 7.31 avg reward/step.
