*********************************************************************
Starting Simulation Types: A2C, PPO, Defender2000, Random, Static
Simulations per Type:      200
Steps per Simulation:      5000
---------------------------------------------------------------------
Graph Name:                simple_webservice
Attack Name:               professional
Only Nodes:                False
Only Detection Systems:    True
Nodes Pause:               1
Detection Systems Pause:   1
*********************************************************************
Simulation Type:          A2C
Learning Time:            737.0 sec
---------------------------------------------------------------------
Avg steps:                5000.0
Avg reward/step:          57.555
Avg null action ratio:    [1.0, 0.0]
Avg invalid actions:      [0.0, 0.0]

Min steps:                5000
Max steps:                5000

Defender wins:            200
Attacker wins:            0

Steps each sim:           [5000, 5000, 5000, 5000, 5000, 5000, 5000, 5000, 5000, 5000, 5000, 5000, 5000, 5000, 5000, 5000, 5000, 5000, 5000, 5000, 5000, 5000, 5000, 5000, 5000, 5000, 5000, 5000, 5000, 5000, 5000, 5000, 5000, 5000, 5000, 5000, 5000, 5000, 5000, 5000, 5000, 5000, 5000, 5000, 5000, 5000, 5000, 5000, 5000, 5000, 5000, 5000, 5000, 5000, 5000, 5000, 5000, 5000, 5000, 5000, 5000, 5000, 5000, 5000, 5000, 5000, 5000, 5000, 5000, 5000, 5000, 5000, 5000, 5000, 5000, 5000, 5000, 5000, 5000, 5000, 5000, 5000, 5000, 5000, 5000, 5000, 5000, 5000, 5000, 5000, 5000, 5000, 5000, 5000, 5000, 5000, 5000, 5000, 5000, 5000, 5000, 5000, 5000, 5000, 5000, 5000, 5000, 5000, 5000, 5000, 5000, 5000, 5000, 5000, 5000, 5000, 5000, 5000, 5000, 5000, 5000, 5000, 5000, 5000, 5000, 5000, 5000, 5000, 5000, 5000, 5000, 5000, 5000, 5000, 5000, 5000, 5000, 5000, 5000, 5000, 5000, 5000, 5000, 5000, 5000, 5000, 5000, 5000, 5000, 5000, 5000, 5000, 5000, 5000, 5000, 5000, 5000, 5000, 5000, 5000, 5000, 5000, 5000, 5000, 5000, 5000, 5000, 5000, 5000, 5000, 5000, 5000, 5000, 5000, 5000, 5000, 5000, 5000, 5000, 5000, 5000, 5000, 5000, 5000, 5000, 5000, 5000, 5000, 5000, 5000, 5000, 5000, 5000, 5000, 5000, 5000, 5000, 5000, 5000, 5000]
Reward each sim:          [287900, 287200, 288100, 288600, 287950, 287700, 286650, 287600, 288300, 287500, 287550, 287750, 287700, 287550, 287400, 286900, 288050, 288000, 287850, 287950, 287850, 288100, 287950, 288300, 287550, 287500, 288150, 287800, 287800, 288350, 287900, 287950, 288200, 288100, 288400, 287950, 288100, 286800, 287450, 287900, 287250, 287800, 287750, 287550, 287550, 287950, 287350, 287800, 287750, 287250, 287500, 287600, 287550, 288100, 287300, 287600, 287400, 287550, 287000, 287800, 288100, 287950, 287400, 287500, 288000, 288050, 287900, 287450, 288200, 287750, 288150, 287900, 287900, 287650, 288100, 288150, 287650, 287950, 288450, 287700, 288100, 287850, 287350, 287950, 287300, 287450, 287650, 287450, 288350, 287550, 287950, 287850, 287550, 288050, 288000, 288200, 287700, 287750, 288300, 288000, 288450, 287750, 288050, 287200, 288300, 287400, 287500, 287950, 288350, 287900, 288400, 287350, 286950, 287450, 288000, 287700, 288250, 287500, 288100, 287300, 287550, 288450, 288150, 287600, 287500, 287450, 287350, 288450, 287850, 287900, 287950, 287400, 287000, 287350, 287450, 287850, 287850, 287750, 288050, 288100, 287900, 288000, 288100, 287800, 287900, 287750, 287500, 287850, 287700, 287550, 288000, 287400, 287650, 288400, 287750, 287450, 287700, 287650, 287650, 287750, 288350, 287800, 287750, 288100, 287300, 287850, 287700, 287800, 288450, 287850, 288050, 287850, 287850, 288300, 288400, 287750, 287450, 287200, 287800, 288200, 287850, 287450, 287850, 287750, 287700, 287350, 287600, 287850, 287850, 287500, 287200, 288200, 287150, 287200, 287500, 287450, 287900, 287750, 288250, 288000]
*********************************************************************
Simulation Type:          PPO
Learning Time:            1517.9 sec
---------------------------------------------------------------------
Avg steps:                4989.275
Avg reward/step:          57.535
Avg null action ratio:    [1.0, 0.0]
Avg invalid actions:      [0.0, 0.0]

Min steps:                2855
Max steps:                5000

Defender wins:            199
Attacker wins:            1

Steps each sim:           [5000, 5000, 5000, 5000, 5000, 5000, 5000, 5000, 5000, 5000, 5000, 5000, 5000, 5000, 5000, 5000, 5000, 5000, 5000, 5000, 5000, 5000, 5000, 5000, 5000, 5000, 5000, 5000, 5000, 5000, 5000, 5000, 5000, 5000, 5000, 5000, 5000, 5000, 5000, 5000, 5000, 5000, 5000, 5000, 5000, 5000, 5000, 5000, 5000, 5000, 2855, 5000, 5000, 5000, 5000, 5000, 5000, 5000, 5000, 5000, 5000, 5000, 5000, 5000, 5000, 5000, 5000, 5000, 5000, 5000, 5000, 5000, 5000, 5000, 5000, 5000, 5000, 5000, 5000, 5000, 5000, 5000, 5000, 5000, 5000, 5000, 5000, 5000, 5000, 5000, 5000, 5000, 5000, 5000, 5000, 5000, 5000, 5000, 5000, 5000, 5000, 5000, 5000, 5000, 5000, 5000, 5000, 5000, 5000, 5000, 5000, 5000, 5000, 5000, 5000, 5000, 5000, 5000, 5000, 5000, 5000, 5000, 5000, 5000, 5000, 5000, 5000, 5000, 5000, 5000, 5000, 5000, 5000, 5000, 5000, 5000, 5000, 5000, 5000, 5000, 5000, 5000, 5000, 5000, 5000, 5000, 5000, 5000, 5000, 5000, 5000, 5000, 5000, 5000, 5000, 5000, 5000, 5000, 5000, 5000, 5000, 5000, 5000, 5000, 5000, 5000, 5000, 5000, 5000, 5000, 5000, 5000, 5000, 5000, 5000, 5000, 5000, 5000, 5000, 5000, 5000, 5000, 5000, 5000, 5000, 5000, 5000, 5000, 5000, 5000, 5000, 5000, 5000, 5000, 5000, 5000, 5000, 5000, 5000, 5000]
Reward each sim:          [287654, 288404, 287554, 287550, 288052, 286706, 287802, 287552, 287502, 287500, 287756, 288052, 287652, 287804, 287452, 287204, 287654, 288252, 287004, 288000, 287906, 287752, 287406, 288354, 288102, 287352, 287356, 287302, 287758, 287704, 287550, 287602, 288250, 287250, 287208, 287504, 287404, 287962, 287308, 287404, 287954, 287704, 287906, 287850, 287954, 288056, 287052, 287250, 287754, 288006, 163942, 287854, 287454, 287654, 287810, 287950, 287102, 287754, 288062, 287854, 288550, 287502, 287702, 287554, 288352, 287700, 287852, 287500, 287754, 287650, 287504, 287504, 287652, 287954, 286964, 287602, 287606, 287754, 287254, 287602, 286854, 287750, 287550, 287802, 288152, 288504, 287602, 287654, 287602, 287452, 287804, 287702, 288008, 288254, 287500, 287854, 287702, 287356, 287750, 287802, 287454, 287950, 287800, 287056, 287904, 287754, 288002, 287752, 287900, 287600, 288250, 287904, 287204, 287450, 287256, 287602, 288052, 287854, 287702, 287552, 287710, 287952, 287452, 287602, 287954, 287302, 287756, 288104, 287602, 287654, 287204, 287202, 287356, 288054, 288104, 287654, 287652, 287004, 287150, 287750, 287402, 287156, 288002, 287600, 287404, 287252, 288154, 287310, 287150, 288054, 287552, 287602, 287602, 287650, 288006, 286904, 287800, 287854, 287358, 288100, 288050, 287854, 287160, 287404, 287552, 287756, 287654, 287652, 287802, 287508, 287756, 287802, 287152, 287704, 287408, 287200, 287750, 288002, 287754, 287552, 287852, 287802, 287752, 287202, 287852, 288456, 287908, 288200, 288456, 287702, 287854, 287254, 287852, 287902, 287750, 287552, 287510, 287754, 287556, 287808]
*********************************************************************
Simulation Type:          Defender2000
Learning Time:            0 sec
---------------------------------------------------------------------
Avg steps:                83.96
Avg reward/step:          33.635
Avg null action ratio:    [1.0, 0.265]
Avg invalid actions:      [0.0, 0.0]

Min steps:                6
Max steps:                327

Defender wins:            0
Attacker wins:            200

Steps each sim:           [160, 42, 32, 42, 80, 33, 57, 124, 21, 119, 13, 77, 70, 75, 19, 91, 118, 40, 15, 70, 56, 60, 9, 130, 122, 36, 147, 139, 265, 21, 128, 71, 27, 44, 38, 70, 13, 233, 54, 24, 53, 250, 80, 21, 98, 162, 158, 117, 177, 69, 63, 90, 157, 96, 13, 196, 114, 86, 123, 69, 235, 99, 44, 92, 32, 9, 32, 171, 10, 221, 148, 64, 37, 40, 63, 52, 63, 57, 159, 25, 120, 76, 55, 9, 62, 49, 18, 86, 46, 124, 59, 296, 9, 107, 31, 131, 152, 41, 56, 100, 67, 17, 30, 154, 83, 21, 90, 30, 134, 48, 110, 39, 167, 96, 188, 210, 11, 56, 28, 66, 43, 136, 115, 75, 62, 57, 130, 62, 47, 69, 84, 58, 113, 31, 75, 20, 121, 117, 198, 31, 31, 183, 95, 39, 30, 87, 6, 8, 54, 64, 130, 232, 50, 200, 51, 31, 41, 52, 63, 107, 14, 45, 55, 110, 225, 95, 24, 18, 115, 151, 229, 218, 38, 327, 76, 195, 38, 86, 96, 28, 35, 99, 10, 147, 85, 80, 87, 18, 206, 41, 126, 35, 94, 72, 45, 14, 35, 38, 6, 36]
Reward each sim:          [5868, 1358, 934, 1556, 2768, 922, 1834, 4012, 484, 4246, 114, 2802, 2600, 2350, 420, 3162, 4592, 1090, 182, 2460, 1974, 1662, -120, 5044, 4684, 848, 5648, 4486, 10058, 486, 4844, 2308, 536, 1572, 1066, 2500, 60, 8610, 1764, 408, 1794, 9638, 2834, 476, 3336, 5818, 5988, 4600, 6308, 1904, 1648, 3308, 6332, 3360, 60, 7022, 4554, 2726, 4640, 2494, 8816, 3444, 1376, 3442, 924, -74, 714, 5670, -56, 8276, 5320, 2044, 1120, 1142, 1504, 1394, 2336, 1782, 5910, 666, 3528, 2708, 1214, -120, 2272, 1470, 308, 3278, 838, 2966, 2402, 10878, -116, 3098, 922, 4216, 5550, 1050, 1828, 3708, 2264, 250, 956, 5966, 2954, 380, 3362, 908, 4760, 1304, 3410, 1194, 5842, 3518, 6658, 7650, -250, 1734, 590, 1962, 1318, 5352, 3472, 2292, 1678, 1840, 4150, 2226, 954, 1948, 2622, 1942, 4008, 760, 2092, 224, 4782, 3542, 6802, 862, 514, 6452, 3372, 1182, 752, 3200, -250, -126, 1962, 2242, 5022, 8828, 1622, 7958, 1530, 764, 1102, 1794, 2244, 4000, 116, 1182, 1524, 3990, 7720, 3106, 606, 356, 3000, 4790, 7506, 7054, 1216, 11788, 2740, 7746, 1226, 2828, 2992, 442, 702, 3990, -66, 5160, 2422, 2728, 3194, 60, 7496, 1396, 4020, 996, 2952, 2758, 1476, 124, 798, 1122, -244, 560]
*********************************************************************
Simulation Type:          Random
Learning Time:            0 sec
---------------------------------------------------------------------
Avg steps:                55.39
Avg reward/step:          26.278
Avg null action ratio:    [1.0, 0.335]
Avg invalid actions:      [0.0, 0.0]

Min steps:                5
Max steps:                223

Defender wins:            0
Attacker wins:            200

Steps each sim:           [74, 87, 59, 38, 41, 72, 32, 15, 75, 113, 23, 124, 63, 62, 67, 33, 20, 161, 78, 22, 6, 47, 63, 41, 30, 17, 19, 38, 80, 21, 184, 37, 211, 99, 31, 107, 49, 54, 11, 63, 39, 8, 29, 61, 77, 19, 50, 70, 72, 85, 139, 22, 43, 79, 11, 94, 73, 91, 36, 56, 56, 34, 16, 58, 28, 10, 11, 17, 104, 22, 49, 35, 41, 74, 84, 18, 26, 86, 30, 22, 21, 17, 21, 58, 16, 51, 8, 75, 61, 15, 50, 53, 26, 223, 51, 28, 34, 13, 18, 21, 127, 28, 39, 108, 39, 41, 75, 10, 16, 55, 6, 46, 32, 32, 35, 18, 58, 171, 93, 37, 47, 34, 25, 103, 56, 5, 30, 64, 62, 35, 9, 84, 78, 38, 50, 40, 44, 68, 23, 76, 16, 66, 102, 125, 57, 31, 24, 93, 161, 68, 126, 58, 156, 48, 26, 61, 37, 24, 87, 17, 12, 56, 196, 11, 39, 27, 50, 39, 61, 32, 142, 31, 84, 66, 11, 24, 82, 10, 85, 34, 55, 83, 47, 58, 74, 76, 15, 111, 66, 67, 157, 24, 23, 11, 111, 61, 53, 40, 98, 34]
Reward each sim:          [2190, 2504, 1470, 778, 1050, 1580, 724, 188, 2500, 3578, 250, 3526, 1946, 1988, 2268, 638, 176, 5404, 2134, 536, -250, 1006, 1640, 1102, 64, 152, 160, 1040, 2350, 188, 6386, 1018, 7126, 3360, 426, 3474, 1472, 1424, -4, 1402, 896, -128, 702, 2272, 2030, 14, 1536, 2204, 2120, 2480, 4296, 192, 1220, 2138, -50, 3108, 2290, 2294, 908, 1722, 1296, 856, -10, 1656, 740, -60, -56, 300, 3488, 386, 1474, 710, 748, 1536, 2418, 252, 582, 1878, 658, 144, 426, 290, 380, 1546, 248, 1144, -130, 2052, 2224, -118, 1090, 1360, 624, 6836, 1540, 646, 546, 66, 156, 426, 3500, 392, 940, 3284, 526, 1258, 1502, -58, 186, 1220, -250, 856, 932, 776, 854, 206, 1396, 5108, 2468, 874, 1260, 142, 470, 2940, 942, -304, 710, 1370, 1540, 758, -76, 2276, 1838, 1134, 1478, 896, 1142, 1990, 498, 2352, 142, 1624, 2486, 3824, 1398, 370, 410, 2448, 4536, 2148, 3292, 1510, 4296, 1308, 328, 1926, 828, 466, 1960, 100, -192, 1088, 6000, 44, 828, 540, 1478, 1194, 1576, 532, 4522, 678, 2366, 2118, -2, 506, 2316, -14, 2390, 442, 1136, 2322, 906, 1800, 1890, 2408, 28, 3704, 2182, 2278, 4668, 602, 596, -56, 4054, 1632, 1848, 1134, 2790, 490]
*********************************************************************
Simulation Type:          Static
Learning Time:            0 sec
---------------------------------------------------------------------
Avg steps:                20.71
Avg reward/step:          5.111
Avg null action ratio:    [1.0, 1.0]
Avg invalid actions:      [0.0, 0.0]

Min steps:                5
Max steps:                73

Defender wins:            0
Attacker wins:            200

Steps each sim:           [8, 43, 9, 24, 7, 40, 8, 30, 22, 31, 52, 19, 7, 12, 26, 29, 18, 30, 14, 9, 7, 35, 12, 7, 24, 33, 33, 12, 16, 14, 10, 21, 28, 10, 19, 29, 26, 21, 33, 37, 18, 10, 24, 30, 23, 20, 17, 14, 23, 8, 28, 10, 30, 9, 24, 22, 27, 16, 36, 9, 51, 23, 7, 23, 19, 28, 14, 16, 29, 20, 7, 36, 25, 5, 7, 5, 20, 17, 6, 5, 26, 9, 8, 13, 28, 18, 37, 29, 31, 11, 6, 26, 29, 65, 40, 20, 10, 27, 10, 7, 32, 14, 19, 12, 35, 18, 41, 31, 5, 73, 55, 18, 20, 8, 7, 15, 20, 28, 14, 24, 13, 7, 12, 14, 24, 6, 30, 10, 20, 23, 32, 5, 23, 32, 28, 25, 25, 14, 13, 21, 20, 11, 13, 6, 24, 28, 7, 17, 8, 14, 21, 14, 33, 17, 7, 12, 12, 9, 14, 24, 10, 59, 25, 7, 29, 11, 31, 15, 14, 28, 7, 10, 25, 22, 25, 48, 9, 38, 26, 11, 36, 25, 12, 20, 38, 33, 7, 29, 11, 30, 36, 23, 13, 16, 29, 12, 22, 12, 11, 24]
Reward each sim:          [-170, 730, -110, 40, -230, 400, -220, 650, 320, 310, 1170, 90, -230, -180, 10, 540, -270, 400, -210, -160, -230, 450, 20, -180, 40, 380, 280, -180, 260, -210, -250, 10, 180, -200, 290, 340, 310, 110, 630, 620, -70, -300, 190, 550, 280, 50, -80, -260, 480, -120, 330, -100, 550, -160, 40, 270, 120, 260, 510, -210, 1110, 230, -230, 130, 190, 230, -210, 260, 340, 0, -180, 210, 450, -300, -180, -300, 150, 20, -240, -300, 110, -160, -270, -170, 380, 30, 770, 390, 310, -140, -240, 110, 240, 1500, 450, 300, -200, 320, -200, -180, 420, -10, 90, -80, 350, -320, 660, 510, -300, 1980, 1400, 80, 0, -170, -230, 0, -150, 580, -260, 190, -270, -180, -30, -210, 90, -240, 600, -150, 50, 280, 620, -300, 380, 120, 80, 550, 550, -210, -220, 60, 100, -290, -170, -240, 540, 330, -180, -230, -170, -10, 60, 140, 430, 120, -230, -280, -280, -360, 40, 340, -300, 1190, 250, -280, 190, -240, 260, 100, 90, 380, -180, -100, 100, -280, 200, 1280, -110, -20, 410, -290, 160, -50, -230, -50, 330, 230, -180, 40, -190, 150, 410, 80, -220, -90, -10, -30, 70, -230, -240, -10]
*********************************************************************
A2C is the most effective algorithm with 5000.0 avg steps.
A2C is the most efficient algorithm with 57.555 avg reward/step.
