*********************************************************************
Starting Simulation Types: A2C, PPO, Random, Defender2000, Static
Simulations per Type:      100
Steps per Simulation:      5000
*********************************************************************
Simulation Type:          A2C
--------------------------------------------------------------------
Avg steps:                5000.0
Avg reward/step:          7.792
Avg null action ratio:    0.0

Min steps:                5000
Max steps:                5000

Defender wins:            100
Attacker wins:            0

Steps each sim:           [5000, 5000, 5000, 5000, 5000, 5000, 5000, 5000, 5000, 5000, 5000, 5000, 5000, 5000, 5000, 5000, 5000, 5000, 5000, 5000, 5000, 5000, 5000, 5000, 5000, 5000, 5000, 5000, 5000, 5000, 5000, 5000, 5000, 5000, 5000, 5000, 5000, 5000, 5000, 5000, 5000, 5000, 5000, 5000, 5000, 5000, 5000, 5000, 5000, 5000, 5000, 5000, 5000, 5000, 5000, 5000, 5000, 5000, 5000, 5000, 5000, 5000, 5000, 5000, 5000, 5000, 5000, 5000, 5000, 5000, 5000, 5000, 5000, 5000, 5000, 5000, 5000, 5000, 5000, 5000, 5000, 5000, 5000, 5000, 5000, 5000, 5000, 5000, 5000, 5000, 5000, 5000, 5000, 5000, 5000, 5000, 5000, 5000, 5000, 5000]
Reward each sim:          [38845, 39120, 39180, 38955, 39015, 38995, 38755, 38875, 39040, 39335, 39075, 38885, 38785, 38795, 39225, 38795, 38995, 39275, 38975, 38985, 38825, 38755, 39050, 39040, 38825, 39045, 38960, 38915, 38595, 38762, 39025, 39220, 39380, 38840, 38715, 39010, 38760, 39080, 39360, 38855, 38865, 39210, 38720, 38920, 39120, 39120, 38910, 39020, 39265, 38720, 38960, 38885, 39235, 38575, 38920, 38590, 38740, 39340, 39135, 38740, 39090, 38840, 38695, 38665, 39015, 38955, 38905, 38715, 39175, 39010, 38880, 38945, 38750, 38915, 39025, 38930, 38895, 39000, 38595, 39145, 38780, 39195, 38770, 39135, 38965, 38950, 38765, 39005, 39035, 39340, 38875, 38950, 38872, 38915, 38970, 39105, 38875, 39020, 39005, 39280]
*********************************************************************
Simulation Type:          PPO
--------------------------------------------------------------------
Avg steps:                5000.0
Avg reward/step:          7.794
Avg null action ratio:    0.0

Min steps:                5000
Max steps:                5000

Defender wins:            100
Attacker wins:            0

Steps each sim:           [5000, 5000, 5000, 5000, 5000, 5000, 5000, 5000, 5000, 5000, 5000, 5000, 5000, 5000, 5000, 5000, 5000, 5000, 5000, 5000, 5000, 5000, 5000, 5000, 5000, 5000, 5000, 5000, 5000, 5000, 5000, 5000, 5000, 5000, 5000, 5000, 5000, 5000, 5000, 5000, 5000, 5000, 5000, 5000, 5000, 5000, 5000, 5000, 5000, 5000, 5000, 5000, 5000, 5000, 5000, 5000, 5000, 5000, 5000, 5000, 5000, 5000, 5000, 5000, 5000, 5000, 5000, 5000, 5000, 5000, 5000, 5000, 5000, 5000, 5000, 5000, 5000, 5000, 5000, 5000, 5000, 5000, 5000, 5000, 5000, 5000, 5000, 5000, 5000, 5000, 5000, 5000, 5000, 5000, 5000, 5000, 5000, 5000, 5000, 5000]
Reward each sim:          [39087, 38810, 38850, 39005, 38925, 39100, 39010, 38834, 39082, 38810, 39110, 38969, 39022, 38717, 39025, 38927, 38850, 39220, 38960, 39005, 39052, 38902, 38995, 39190, 38776, 38965, 38870, 38642, 39095, 38936, 38975, 38890, 38962, 39222, 38882, 39087, 39170, 38790, 38877, 38837, 38875, 39125, 38707, 38975, 39259, 38620, 39080, 38802, 38992, 39260, 38970, 38835, 38825, 39017, 39107, 38847, 39130, 38987, 39030, 39135, 38662, 39020, 39120, 39055, 39092, 39155, 38620, 38795, 39175, 39165, 38792, 39020, 38635, 39045, 39160, 39065, 38825, 38767, 38422, 38870, 38885, 39015, 38740, 39165, 38895, 39050, 39032, 38884, 39005, 39130, 38945, 39132, 39205, 39277, 39030, 38995, 39174, 39035, 39102, 39054]
*********************************************************************
Simulation Type:          Random
--------------------------------------------------------------------
Avg steps:                2114.71
Avg reward/step:          -0.195
Avg null action ratio:    0.042

Min steps:                4
Max steps:                5000

Defender wins:            11
Attacker wins:            89

Steps each sim:           [630, 4244, 5000, 492, 981, 748, 1821, 3154, 4245, 9, 1047, 4567, 506, 471, 7, 1512, 1746, 3217, 4868, 3515, 1973, 2607, 1349, 755, 2552, 1720, 4145, 1878, 788, 5000, 1740, 330, 2288, 2655, 2425, 1474, 834, 3591, 278, 3951, 40, 5000, 3941, 5000, 2530, 1217, 4340, 2572, 5000, 2864, 211, 3741, 522, 5000, 163, 760, 360, 868, 1266, 2251, 1812, 3866, 2133, 5000, 449, 1211, 741, 5000, 3042, 1105, 135, 451, 1605, 2725, 2868, 721, 31, 2038, 484, 2848, 7, 5000, 4188, 1500, 2211, 1490, 1086, 2814, 4129, 5000, 686, 1741, 1751, 1082, 207, 123, 5000, 1711, 4, 717]
Reward each sim:          [-346, -1273, 1065, -90, -868, -297, 474, -416, -602, -263, -438, 104, 229, -262, -256, -466, -1233, -435, -190, -1705, -54, -932, -421, -747, 710, -217, -1450, -275, 123, 850, -516, -618, -203, -281, 340, -1269, -287, 32, -764, -2573, -152, 718, -1321, 539, -687, -497, -717, 208, -583, -274, -456, -949, -426, 71, -570, -60, -547, -603, -1632, -469, -203, -763, -1173, 947, -564, -367, -1076, 487, -1110, 92, -107, -158, -236, -1085, 352, -336, -201, -1328, -388, -352, -253, -506, -1060, -420, 216, -411, -174, -625, -1490, 471, -127, -605, -1177, -656, -418, -461, -1081, -1034, -246, 642]
*********************************************************************
Simulation Type:          Defender2000
--------------------------------------------------------------------
Avg steps:                3374.38
Avg reward/step:          2.535
Avg null action ratio:    0.188

Min steps:                4
Max steps:                5000

Defender wins:            48
Attacker wins:            52

Steps each sim:           [5000, 140, 2532, 4985, 4, 5000, 5000, 5000, 91, 335, 157, 573, 2642, 5000, 1046, 1859, 5000, 3963, 5000, 4675, 5000, 5000, 5000, 5000, 5000, 5000, 5000, 1519, 173, 5000, 5000, 3948, 4018, 3610, 5000, 1840, 431, 5000, 2209, 2921, 5000, 301, 5000, 5000, 5000, 4520, 4, 5000, 2195, 5000, 5000, 2220, 5000, 5000, 652, 3301, 5000, 1648, 5000, 1990, 3460, 5000, 4363, 5000, 5000, 1821, 5000, 5000, 5000, 199, 2883, 2989, 5000, 551, 162, 5000, 3220, 5000, 5000, 4094, 3913, 5000, 1062, 255, 5000, 5000, 4662, 1030, 5000, 5000, 46, 5000, 5000, 406, 159, 5000, 1087, 5000, 236, 338]
Reward each sim:          [13582, 19, 5858, 12003, -236, 13068, 13282, 13657, -69, 575, 76, 1067, 6511, 12503, 2219, 4886, 12207, 9653, 12010, 11456, 13530, 13142, 12466, 12833, 12645, 13399, 12205, 3678, 135, 13400, 12748, 9827, 10323, 8543, 12952, 4309, 660, 11612, 5291, 7392, 12805, 453, 12846, 13276, 13707, 11356, -236, 12704, 5625, 13518, 12708, 5411, 13493, 13218, 1385, 8252, 12547, 3776, 12174, 4885, 8760, 12930, 11086, 13229, 12335, 4256, 12700, 12321, 13484, 341, 6740, 7405, 12561, 1235, 153, 13018, 8626, 12825, 13335, 9744, 9950, 13468, 2377, 443, 12966, 12379, 12401, 2394, 12395, 13201, -177, 13339, 13265, 886, 253, 13620, 2430, 12511, 199, 651]
*********************************************************************
Simulation Type:          Static
--------------------------------------------------------------------
Avg steps:                4.42
Avg reward/step:          -51.391
Avg null action ratio:    1.0

Min steps:                4
Max steps:                16

Defender wins:            0
Attacker wins:            100

Steps each sim:           [16, 9, 4, 8, 4, 4, 4, 4, 4, 4, 4, 4, 4, 4, 4, 4, 4, 4, 4, 4, 4, 4, 8, 4, 4, 4, 4, 4, 4, 4, 4, 4, 4, 4, 4, 4, 4, 4, 4, 4, 5, 4, 4, 4, 4, 4, 4, 4, 4, 4, 4, 4, 4, 8, 4, 7, 4, 4, 4, 4, 4, 4, 5, 4, 4, 4, 4, 4, 4, 4, 4, 4, 4, 4, 4, 8, 4, 4, 4, 4, 4, 4, 4, 4, 4, 4, 4, 4, 4, 4, 8, 4, 4, 4, 4, 4, 4, 4, 4, 4]
Reward each sim:          [-395, -265, -220, -315, -220, -220, -220, -220, -220, -220, -220, -220, -220, -220, -220, -220, -220, -220, -220, -220, -220, -220, -315, -220, -220, -220, -220, -220, -220, -220, -220, -220, -220, -220, -220, -220, -220, -220, -220, -220, -210, -220, -220, -220, -220, -220, -220, -220, -220, -220, -220, -220, -220, -315, -220, -260, -220, -220, -220, -220, -220, -220, -210, -220, -220, -220, -220, -220, -220, -220, -220, -220, -220, -220, -220, -315, -220, -220, -220, -220, -220, -220, -220, -220, -220, -220, -220, -220, -220, -220, -315, -220, -220, -220, -220, -220, -220, -220, -220, -220]
*********************************************************************
A2C is the most effective algorithm with 5000.0 avg steps.
PPO is the most efficient algorithm with 7.794 avg reward/step.
