*********************************************************************
Starting Simulation Types: A2C, PPO, Defender2000, Random, Static
Simulations per Type:      200
Steps per Simulation:      5000
---------------------------------------------------------------------
Graph Name:                simple_webservice
Attack Name:               professional
Only Nodes:                False
Only Detection Systems:    False
Nodes Pause:               1
Detection Systems Pause:   1
*********************************************************************
Simulation Type:          A2C
Learning Time:            0.8 sec
---------------------------------------------------------------------
Avg steps:                122.635
Avg reward/step:          29.538
Avg null action ratio:    [0.135, 0.339]
Avg invalid actions:      [0.0, 0.0]

Min steps:                6
Max steps:                598

Defender wins:            0
Attacker wins:            200

Steps each sim:           [65, 81, 335, 200, 105, 62, 36, 156, 201, 110, 75, 42, 49, 69, 84, 182, 40, 206, 76, 174, 7, 39, 115, 378, 598, 66, 130, 23, 10, 137, 40, 103, 146, 256, 192, 413, 123, 86, 195, 18, 152, 282, 70, 134, 74, 13, 28, 8, 140, 125, 244, 6, 101, 57, 45, 310, 114, 139, 114, 30, 7, 11, 70, 134, 265, 17, 110, 7, 145, 138, 124, 12, 310, 39, 200, 80, 36, 88, 100, 352, 103, 118, 106, 66, 87, 59, 28, 91, 49, 141, 111, 485, 93, 158, 275, 118, 157, 15, 95, 86, 102, 247, 100, 218, 101, 83, 88, 69, 363, 71, 31, 180, 520, 42, 39, 144, 238, 52, 103, 219, 76, 12, 87, 36, 20, 31, 70, 372, 52, 144, 7, 26, 374, 8, 38, 218, 150, 280, 63, 52, 9, 53, 18, 57, 231, 255, 55, 202, 29, 159, 101, 41, 55, 34, 183, 54, 31, 44, 32, 51, 72, 155, 85, 123, 473, 228, 22, 190, 269, 17, 13, 34, 71, 16, 181, 10, 54, 48, 235, 224, 169, 27, 55, 131, 109, 126, 26, 336, 117, 71, 43, 150, 484, 82, 329, 95, 119, 175, 104, 144]
Reward each sim:          [1466, 2128, 10325, 5785, 2802, 1680, 472, 4708, 5818, 3066, 2302, 1196, 1458, 2068, 2615, 5488, 773, 6251, 2277, 5691, -218, 929, 3632, 13032, 19301, 2246, 3864, 192, -212, 4633, 965, 3154, 4631, 8081, 5285, 12810, 3524, 2179, 6580, 84, 4888, 9416, 2240, 3965, 2400, 70, 412, -168, 4080, 3570, 7547, -271, 2881, 1643, 1101, 9568, 2749, 4279, 3475, 743, -363, -255, 1087, 4310, 7389, 180, 3499, -214, 4623, 4633, 4142, -299, 9605, 746, 5170, 2372, 844, 2258, 2168, 12860, 3344, 3666, 2937, 2021, 2484, 1812, 668, 3152, 1158, 3832, 3341, 14551, 2548, 5192, 8857, 3291, 4202, 120, 2765, 1744, 3025, 8249, 3204, 6138, 2836, 2403, 2307, 2149, 13019, 1810, 640, 5211, 17691, 884, 671, 4343, 8009, 1383, 3040, 6605, 2100, -148, 2607, 981, 141, 405, 1908, 10871, 719, 3728, -268, 299, 13214, -213, 603, 6238, 4856, 8445, 1834, 1278, -250, 1392, 22, 1475, 7029, 8228, 1588, 6336, 324, 4942, 3024, 1092, 687, 664, 5961, 1132, 640, 1010, 463, 1264, 2088, 4518, 2628, 3498, 14969, 7812, 401, 5947, 8850, 85, -85, 434, 2371, 156, 5954, -299, 1279, 1295, 7135, 7082, 4324, 555, 1254, 4118, 3585, 4058, 610, 8133, 3578, 1668, 849, 5094, 15869, 2038, 10127, 2748, 3109, 5419, 2907, 3982]
*********************************************************************
Simulation Type:          PPO
Learning Time:            1.6 sec
---------------------------------------------------------------------
Avg steps:                140.635
Avg reward/step:          30.201
Avg null action ratio:    [0.121, 0.309]
Avg invalid actions:      [0.0, 0.0]

Min steps:                7
Max steps:                776

Defender wins:            0
Attacker wins:            200

Steps each sim:           [31, 50, 60, 70, 60, 95, 387, 8, 175, 523, 52, 102, 110, 160, 26, 33, 191, 113, 94, 222, 193, 144, 267, 57, 100, 158, 21, 160, 172, 348, 135, 86, 380, 32, 25, 218, 93, 231, 184, 17, 28, 77, 411, 111, 240, 111, 33, 64, 425, 148, 319, 415, 188, 161, 31, 181, 131, 105, 83, 776, 179, 124, 109, 59, 65, 72, 100, 135, 134, 289, 55, 118, 44, 20, 15, 19, 299, 84, 41, 454, 40, 153, 14, 26, 41, 31, 422, 196, 36, 42, 52, 90, 238, 248, 89, 44, 93, 33, 132, 60, 99, 139, 85, 64, 79, 439, 156, 240, 224, 158, 162, 53, 47, 168, 522, 334, 63, 14, 114, 199, 18, 304, 75, 22, 185, 13, 409, 207, 101, 184, 116, 84, 249, 235, 122, 395, 105, 41, 72, 7, 253, 245, 89, 10, 228, 109, 101, 93, 70, 22, 168, 81, 22, 42, 169, 49, 70, 34, 99, 130, 66, 94, 44, 33, 20, 14, 67, 48, 41, 261, 45, 30, 183, 230, 249, 55, 28, 208, 263, 351, 60, 124, 192, 399, 158, 359, 196, 16, 157, 48, 36, 304, 406, 151, 104, 78, 186, 17, 95, 208]
Reward each sim:          [722, 1158, 1545, 1916, 1715, 2758, 11866, -167, 5790, 17196, 1348, 2971, 3379, 4840, 220, 680, 4908, 3414, 2933, 7605, 5334, 4552, 8993, 1824, 3490, 5326, 530, 5088, 5519, 11489, 4310, 2537, 11770, 443, 508, 7011, 3183, 6896, 5856, 128, 174, 1369, 13010, 3265, 7341, 3557, 893, 1737, 13198, 4196, 10227, 14015, 5916, 5633, 680, 6100, 3862, 3500, 2206, 24023, 5924, 4062, 3140, 1311, 1472, 1897, 2796, 4726, 4295, 9682, 934, 3251, 1041, 82, 22, 187, 8956, 2165, 954, 14813, 716, 4314, 65, 462, 852, 647, 13297, 6137, 1026, 779, 1178, 2685, 8326, 8061, 2563, 714, 2309, 681, 3695, 1502, 2977, 4232, 2161, 1959, 2186, 15311, 4936, 7190, 6909, 4097, 5004, 1679, 1121, 5974, 17854, 10905, 1976, -151, 3306, 5941, 137, 9708, 1925, 454, 5470, -130, 13753, 6330, 2719, 5307, 3612, 2558, 8058, 6977, 3230, 13269, 2764, 924, 2002, -223, 8172, 7642, 3018, -63, 7363, 3461, 3168, 1719, 1990, 302, 5142, 2668, 146, 699, 5044, 1308, 1746, 833, 2840, 3610, 1893, 1610, 1492, 748, 295, 102, 2079, 864, 1071, 7871, 1074, 472, 4333, 7005, 7561, 1562, 517, 6613, 8451, 11149, 1188, 3743, 6301, 13105, 4421, 12298, 6156, 170, 4878, 1285, 923, 9161, 13085, 3504, 2518, 2320, 4890, 134, 2793, 6412]
*********************************************************************
Simulation Type:          Defender2000
Learning Time:            0 sec
---------------------------------------------------------------------
Avg steps:                174.255
Avg reward/step:          34.685
Avg null action ratio:    [0.1, 0.272]
Avg invalid actions:      [0.0, 0.0]

Min steps:                6
Max steps:                860

Defender wins:            0
Attacker wins:            200

Steps each sim:           [164, 57, 148, 109, 226, 191, 9, 65, 43, 56, 98, 85, 39, 220, 95, 190, 26, 406, 51, 211, 55, 218, 248, 216, 93, 408, 58, 360, 144, 256, 439, 76, 340, 245, 132, 171, 64, 416, 504, 491, 231, 57, 179, 65, 104, 94, 24, 206, 409, 186, 125, 163, 195, 208, 188, 124, 287, 113, 34, 140, 143, 234, 170, 25, 529, 83, 71, 82, 102, 129, 249, 233, 327, 61, 196, 48, 597, 103, 90, 200, 310, 6, 82, 9, 296, 74, 33, 238, 47, 23, 112, 860, 106, 61, 161, 102, 580, 418, 44, 57, 499, 190, 68, 62, 155, 108, 30, 119, 45, 413, 108, 105, 253, 391, 21, 25, 553, 27, 50, 159, 189, 198, 56, 18, 249, 31, 148, 213, 58, 6, 38, 242, 34, 18, 23, 47, 60, 12, 360, 218, 12, 148, 157, 288, 360, 236, 122, 181, 46, 27, 38, 30, 86, 124, 400, 193, 187, 443, 50, 253, 49, 74, 392, 45, 622, 423, 32, 40, 91, 233, 70, 221, 25, 159, 97, 50, 456, 315, 124, 281, 542, 30, 340, 123, 219, 87, 365, 182, 141, 156, 192, 478, 264, 159, 510, 9, 142, 59, 141, 87]
Reward each sim:          [5699, 1868, 5538, 3857, 7566, 6307, -164, 2006, 1085, 1900, 2654, 2841, 1059, 7657, 3381, 6396, 439, 13969, 1071, 7316, 2021, 8453, 8293, 8214, 2983, 14680, 1835, 12249, 5420, 7793, 15499, 1703, 12278, 8529, 4526, 5937, 1971, 14359, 19244, 18492, 8455, 1501, 6181, 2075, 3249, 3127, 409, 7528, 14664, 6531, 4436, 5985, 6836, 7498, 6742, 4429, 10057, 4076, 947, 4502, 4854, 8411, 5899, 558, 19343, 2312, 2231, 2379, 3158, 5174, 8296, 8167, 11449, 1533, 7500, 1374, 21580, 3704, 2923, 6667, 11826, -276, 2548, -105, 10116, 1743, 801, 8550, 1154, 427, 3842, 31351, 3161, 2092, 5663, 3117, 20884, 15757, 1239, 1892, 17336, 5713, 1368, 1702, 5117, 3734, 768, 4086, 1087, 15001, 3687, 3519, 10207, 14887, 336, 203, 20849, 617, 1270, 5513, 6587, 7643, 1777, 183, 8755, 642, 5255, 7219, 1976, -280, 1013, 7785, 1045, -228, 453, 1380, 2245, -2, 13845, 7452, -58, 4931, 5037, 10243, 11851, 7666, 4138, 6537, 1273, 613, 968, 625, 2819, 4293, 14212, 6540, 6322, 16632, 1105, 10018, 1366, 2579, 14361, 1175, 22936, 15805, 569, 1088, 3020, 8299, 1898, 7081, 647, 5269, 2811, 1347, 17164, 10912, 3728, 9734, 19340, 886, 12995, 4723, 7235, 2681, 12950, 6729, 4505, 5868, 6569, 18039, 9591, 5508, 18057, -169, 4823, 1966, 4757, 3004]
*********************************************************************
Simulation Type:          Random
Learning Time:            0 sec
---------------------------------------------------------------------
Avg steps:                111.7
Avg reward/step:          28.911
Avg null action ratio:    [0.126, 0.332]
Avg invalid actions:      [0.0, 0.0]

Min steps:                7
Max steps:                584

Defender wins:            0
Attacker wins:            200

Steps each sim:           [137, 51, 102, 94, 78, 28, 16, 287, 224, 56, 146, 300, 66, 99, 55, 290, 53, 16, 40, 110, 348, 116, 191, 65, 66, 100, 134, 46, 268, 409, 41, 71, 77, 105, 87, 26, 34, 171, 53, 19, 91, 238, 44, 39, 110, 22, 107, 51, 213, 257, 105, 31, 60, 72, 37, 23, 21, 169, 178, 87, 236, 170, 19, 64, 233, 102, 45, 123, 111, 117, 53, 14, 136, 76, 130, 60, 103, 10, 39, 176, 120, 42, 584, 21, 107, 27, 26, 20, 7, 31, 32, 60, 57, 75, 324, 40, 201, 404, 71, 33, 229, 10, 71, 86, 72, 105, 59, 50, 59, 86, 50, 42, 27, 38, 114, 67, 173, 38, 205, 274, 59, 77, 50, 37, 59, 87, 270, 287, 270, 158, 134, 117, 143, 12, 42, 401, 445, 162, 29, 181, 100, 49, 274, 63, 180, 39, 16, 25, 31, 50, 357, 131, 22, 149, 38, 290, 102, 62, 49, 144, 246, 141, 126, 99, 46, 48, 49, 110, 154, 126, 138, 190, 9, 101, 123, 191, 31, 89, 72, 62, 210, 10, 119, 66, 9, 202, 153, 18, 161, 19, 155, 66, 194, 50, 40, 386, 59, 72, 103, 122]
Reward each sim:          [4327, 1457, 2577, 2887, 1907, 575, 170, 9114, 6671, 1310, 3310, 9923, 2173, 2124, 851, 9206, 1378, -76, 1160, 3522, 11328, 3172, 6818, 1779, 1516, 2355, 3936, 967, 8167, 12042, 531, 1769, 1948, 3229, 2564, 456, 805, 5540, 1132, 371, 2070, 6785, 995, 913, 3790, 397, 3633, 1363, 7503, 9006, 3066, 634, 1762, 2299, 205, 292, -9, 4553, 4310, 2402, 7440, 5309, -371, 1572, 7700, 3175, 951, 4150, 3502, 2767, 1529, 57, 3566, 2184, 3481, 1585, 3213, -155, 1097, 4845, 3420, 788, 20686, 183, 3565, 264, 214, 89, -210, 537, 740, 1154, 1180, 1846, 9755, 480, 5696, 11947, 1759, 45, 7315, -209, 1856, 2567, 1626, 3103, 1757, 1293, 1435, 2511, 1217, 979, 472, 1002, 3552, 1705, 4984, 1145, 6154, 8273, 1625, 2047, 1209, 652, 1725, 2438, 8954, 9002, 7808, 5280, 4609, 3025, 4378, -8, 874, 13183, 15529, 5074, 381, 5228, 3209, 1208, 8500, 1190, 4673, 499, -23, 355, 382, 1207, 11791, 3793, 306, 4990, 1026, 8416, 2866, 1848, 1348, 4545, 7209, 4748, 3824, 2472, 351, 1123, 663, 3071, 4816, 3405, 3911, 5927, -160, 3077, 4368, 5847, 632, 2402, 2224, 1798, 5936, -204, 2925, 1171, -153, 6268, 4601, 131, 5753, 71, 5161, 1638, 6751, 1053, 924, 11052, 1943, 1853, 3056, 3666]
*********************************************************************
Simulation Type:          Static
Learning Time:            0 sec
---------------------------------------------------------------------
Avg steps:                22.955
Avg reward/step:          8.802
Avg null action ratio:    [1.0, 1.0]
Avg invalid actions:      [0.0, 0.0]

Min steps:                5
Max steps:                57

Defender wins:            0
Attacker wins:            200

Steps each sim:           [22, 36, 31, 11, 48, 36, 6, 13, 18, 45, 30, 35, 11, 15, 23, 34, 9, 57, 11, 36, 5, 25, 35, 56, 10, 33, 20, 16, 22, 7, 12, 39, 36, 20, 14, 20, 8, 29, 15, 8, 13, 26, 10, 40, 13, 20, 12, 15, 32, 47, 41, 13, 40, 15, 38, 29, 36, 20, 17, 41, 20, 8, 15, 17, 35, 7, 15, 42, 28, 14, 23, 14, 37, 15, 28, 6, 17, 16, 13, 18, 27, 19, 6, 51, 11, 18, 37, 20, 13, 20, 6, 14, 33, 20, 6, 9, 52, 9, 21, 36, 41, 8, 19, 10, 20, 22, 34, 30, 26, 6, 25, 7, 15, 56, 8, 13, 26, 44, 19, 9, 39, 30, 7, 12, 14, 11, 33, 25, 7, 10, 12, 45, 12, 39, 17, 16, 35, 14, 25, 15, 44, 18, 19, 30, 16, 17, 11, 40, 23, 20, 19, 20, 33, 29, 13, 11, 37, 30, 24, 18, 15, 56, 18, 33, 8, 19, 16, 7, 40, 26, 8, 23, 48, 7, 17, 39, 6, 15, 53, 27, 40, 14, 13, 19, 16, 19, 17, 25, 17, 45, 29, 22, 39, 26, 56, 18, 30, 8, 11, 27]
Reward each sim:          [120, 260, 310, -90, 1030, 660, -240, -170, 130, 750, 800, 750, -290, 150, 430, 440, -110, 1370, -290, 510, -300, 400, 400, 910, -100, 730, 400, -290, 120, -180, -180, 740, 360, 50, -160, 150, -220, 440, 0, -170, -270, 60, -150, 700, 30, 100, -230, -200, 520, 970, 660, 80, 1050, -200, 580, 290, 560, 150, 220, 710, 350, -170, 0, 120, 500, -230, -200, 820, 430, -110, 30, 140, 620, -250, 230, -240, 120, -90, -170, -120, 320, 440, -240, 960, -40, -220, 470, 50, -170, 300, -240, -10, 380, 200, -240, -110, 920, -160, 410, 710, 760, -270, 140, -300, -100, 370, 940, 350, 260, -240, 550, -230, -250, 1210, -170, -220, 360, 940, 190, -210, 240, 600, -180, -280, -160, -140, 780, 500, -180, -200, -80, 750, -230, 840, 270, -290, 100, -10, 0, -100, 640, -20, -10, 650, -190, -230, -140, 800, 230, 150, 90, 250, 830, 190, -270, -140, 20, 100, 240, -70, -100, 1210, -220, 480, -170, -160, 160, -180, 650, 260, -220, 230, 230, -180, 270, 490, -240, 0, 980, 270, 800, -10, -170, 290, 260, 390, 220, 450, 170, 1000, 540, 370, 740, 210, 1010, 230, 350, -170, -240, 20]
*********************************************************************
Defender2000 is the most effective algorithm with 174.255 avg steps.
Defender2000 is the most efficient algorithm with 34.685 avg reward/step.
