*********************************************************************
Starting Simulation Types: A2C, PPO, Defender2000, Random, Static
Simulations per Type:      200
Steps per Simulation:      5000
---------------------------------------------------------------------
Graph Name:                simple_webservice
Attack Name:               professional
Only Nodes:                False
Only Detection Systems:    True
Nodes Pause:               1
Detection Systems Pause:   1
*********************************************************************
Simulation Type:          A2C
Learning Time:            0.8 sec
---------------------------------------------------------------------
Avg steps:                95.1
Avg reward/step:          34.281
Avg null action ratio:    [1.0, 0.258]
Avg invalid actions:      [0.0, 0.0]

Min steps:                6
Max steps:                394

Defender wins:            0
Attacker wins:            200

Steps each sim:           [42, 188, 30, 166, 97, 85, 95, 10, 66, 84, 75, 73, 135, 122, 34, 102, 92, 37, 73, 149, 82, 19, 166, 33, 49, 41, 164, 50, 75, 257, 130, 201, 71, 102, 128, 69, 54, 390, 174, 59, 134, 73, 26, 142, 119, 79, 62, 88, 50, 46, 92, 31, 94, 107, 99, 71, 66, 59, 104, 33, 100, 145, 58, 30, 79, 79, 110, 23, 178, 103, 65, 151, 150, 53, 112, 87, 163, 48, 65, 157, 99, 141, 82, 19, 23, 130, 36, 86, 12, 88, 26, 47, 89, 6, 33, 96, 109, 140, 83, 185, 99, 182, 245, 12, 146, 69, 69, 60, 394, 66, 205, 18, 14, 20, 248, 40, 112, 139, 26, 51, 63, 87, 106, 114, 91, 284, 104, 112, 73, 118, 106, 28, 74, 27, 131, 119, 135, 59, 125, 34, 20, 135, 53, 41, 68, 374, 92, 159, 79, 105, 91, 112, 86, 22, 115, 93, 19, 100, 26, 39, 40, 163, 180, 105, 147, 55, 38, 8, 31, 6, 116, 42, 34, 64, 51, 37, 26, 266, 177, 28, 235, 215, 45, 101, 11, 59, 76, 19, 28, 82, 145, 81, 349, 58, 98, 70, 83, 274, 103, 110]
Reward each sim:          [860, 7566, 854, 6842, 3092, 2188, 3402, -112, 2306, 3220, 3030, 1872, 4134, 4290, 952, 3558, 3528, 924, 2866, 5992, 2488, 160, 6070, 582, 1508, 1056, 5598, 1000, 2740, 9322, 4562, 6682, 2098, 3660, 4738, 2290, 1860, 15412, 5350, 1608, 4734, 1480, 668, 4866, 3614, 2422, 1586, 2800, 1424, 1448, 3626, 820, 3410, 3326, 3546, 2604, 2212, 2250, 3888, 624, 3298, 5056, 1830, 802, 2714, 2472, 4080, 538, 6468, 3396, 1812, 5650, 5624, 1810, 4204, 2590, 6034, 1558, 1822, 5590, 3186, 4706, 3086, 260, 498, 4514, 656, 2940, -148, 3064, 424, 1654, 2658, -246, 984, 3360, 3926, 5166, 2860, 6516, 3542, 6844, 8706, 102, 5256, 2388, 1400, 2066, 15830, 2518, 7996, 254, 122, 368, 9418, 1294, 3600, 4382, 818, 1734, 2336, 3186, 4386, 4316, 3174, 10278, 3778, 3446, 2766, 4862, 4008, 538, 2674, 734, 4502, 4358, 4064, 1948, 5156, 792, 330, 4406, 1798, 1158, 1928, 14238, 2406, 5614, 2480, 3608, 3528, 4206, 2688, 492, 3486, 3046, 310, 3598, 770, 1080, 1234, 5728, 6228, 3266, 5866, 1266, 672, -130, 1016, -246, 3142, 1354, 732, 1942, 1880, 1160, 824, 8896, 6074, 592, 8282, 7782, 1672, 3842, 44, 1708, 2348, 170, 640, 2250, 5578, 3286, 13664, 1944, 3922, 1908, 3158, 10858, 3566, 3892]
*********************************************************************
Simulation Type:          PPO
Learning Time:            1.5 sec
---------------------------------------------------------------------
Avg steps:                78.215
Avg reward/step:          31.865
Avg null action ratio:    [1.0, 0.285]
Avg invalid actions:      [0.0, 0.0]

Min steps:                6
Max steps:                277

Defender wins:            0
Attacker wins:            200

Steps each sim:           [14, 31, 30, 57, 125, 74, 55, 51, 62, 17, 100, 64, 137, 118, 107, 56, 218, 126, 26, 107, 57, 14, 38, 45, 43, 63, 38, 187, 13, 46, 14, 125, 59, 26, 96, 131, 69, 23, 52, 79, 98, 50, 172, 61, 123, 6, 15, 68, 113, 13, 116, 49, 52, 95, 222, 36, 54, 14, 38, 114, 108, 41, 38, 59, 27, 197, 80, 252, 245, 31, 113, 63, 145, 19, 61, 49, 80, 50, 15, 115, 59, 85, 138, 139, 157, 156, 89, 172, 28, 39, 49, 62, 34, 38, 28, 54, 25, 75, 87, 138, 75, 106, 66, 77, 242, 39, 37, 9, 139, 30, 274, 26, 6, 71, 67, 71, 58, 37, 80, 38, 196, 75, 38, 17, 25, 88, 277, 58, 36, 40, 12, 42, 232, 38, 75, 105, 13, 76, 14, 93, 97, 60, 77, 110, 59, 83, 111, 13, 77, 170, 7, 118, 222, 74, 27, 40, 30, 21, 75, 66, 64, 128, 43, 28, 129, 121, 237, 34, 163, 35, 115, 85, 114, 43, 179, 24, 88, 28, 19, 45, 43, 41, 32, 89, 114, 20, 51, 243, 126, 25, 174, 35, 39, 17, 76, 33, 220, 76, 35, 55]
Reward each sim:          [26, 268, 708, 1942, 4466, 2078, 1628, 1480, 1632, 148, 3420, 1662, 3820, 4110, 3214, 2172, 7720, 4426, 374, 3314, 1452, 22, 972, 1088, 1010, 2036, 880, 6956, -90, 1042, -174, 4710, 2048, 720, 3190, 3764, 2298, 498, 1286, 1980, 3152, 1534, 5520, 1730, 4696, -244, 86, 2434, 4174, 18, 4096, 1718, 1642, 3424, 7296, 1062, 1362, 120, 876, 3238, 3620, 1452, 530, 1956, 430, 6626, 2534, 8942, 9486, 666, 4166, 1990, 4806, 258, 2112, 1512, 2874, 1782, 178, 3484, 1608, 2724, 4916, 4942, 4940, 4988, 3012, 5040, 840, 944, 1568, 1984, 986, 876, 890, 1208, 570, 2830, 2596, 4328, 2348, 3848, 1422, 2764, 8476, 884, 864, -72, 4588, 508, 9728, 424, -248, 2560, 2326, 1664, 1488, 1320, 2540, 1330, 7486, 2496, 1080, 48, 614, 3106, 10418, 2244, 902, 1140, -96, 1066, 8094, 822, 2784, 3806, -36, 2506, 172, 3638, 2886, 1672, 2420, 3636, 1918, 3172, 3892, -34, 2408, 6044, -238, 4012, 6960, 2486, 330, 1098, 812, 234, 3180, 2208, 2292, 5434, 1174, 640, 4460, 4230, 8472, 1086, 5136, 760, 3708, 2780, 3874, 868, 6214, 406, 2904, 550, 318, 848, 1224, 1198, 924, 3068, 3614, 374, 1490, 9152, 3728, 322, 6322, 702, 836, 246, 2338, 990, 7532, 2698, 558, 1426]
*********************************************************************
Simulation Type:          Defender2000
Learning Time:            0 sec
---------------------------------------------------------------------
Avg steps:                75.235
Avg reward/step:          33.447
Avg null action ratio:    [1.0, 0.264]
Avg invalid actions:      [0.0, 0.0]

Min steps:                6
Max steps:                289

Defender wins:            0
Attacker wins:            200

Steps each sim:           [6, 54, 43, 149, 204, 47, 64, 91, 113, 48, 73, 203, 94, 111, 69, 113, 56, 73, 289, 35, 24, 39, 45, 32, 68, 96, 76, 81, 42, 82, 67, 106, 15, 42, 6, 55, 155, 54, 190, 105, 43, 7, 104, 12, 190, 11, 106, 155, 67, 152, 85, 54, 71, 102, 46, 14, 126, 84, 37, 133, 65, 22, 8, 77, 151, 57, 162, 267, 57, 31, 29, 17, 57, 66, 28, 109, 57, 98, 88, 56, 31, 26, 135, 80, 43, 141, 46, 88, 7, 26, 50, 19, 73, 11, 35, 86, 43, 133, 186, 15, 12, 113, 29, 81, 39, 17, 30, 42, 34, 65, 59, 48, 141, 221, 47, 61, 72, 109, 34, 46, 44, 107, 176, 115, 29, 117, 20, 30, 75, 88, 28, 48, 91, 127, 53, 92, 44, 142, 18, 49, 8, 37, 9, 143, 121, 27, 82, 131, 20, 37, 23, 62, 38, 206, 90, 17, 120, 170, 39, 94, 164, 22, 15, 42, 171, 89, 82, 18, 102, 21, 32, 53, 65, 125, 105, 223, 67, 134, 127, 32, 27, 114, 48, 28, 59, 83, 59, 34, 62, 6, 156, 113, 57, 64, 58, 55, 42, 248, 73, 15]
Reward each sim:          [-250, 1660, 1412, 5566, 7622, 1400, 2152, 2878, 3722, 1262, 2474, 7136, 2772, 3508, 2396, 3652, 1632, 2380, 11808, 944, 658, 1480, 1428, 474, 2092, 3326, 2250, 2750, 1514, 3230, 2308, 3602, 84, 1170, -248, 1720, 5676, 2016, 6736, 3896, 1470, -186, 4082, 6, 6520, -6, 3758, 5130, 2372, 5130, 2320, 1854, 2318, 3160, 790, -34, 4960, 2864, 1208, 4138, 2346, 442, -132, 2612, 5242, 1890, 5976, 9600, 2226, 670, 744, 192, 1284, 2256, 790, 4224, 1744, 3374, 2994, 1584, 706, 668, 4658, 3036, 1214, 5342, 1496, 2956, -188, 816, 1934, 262, 2734, -56, 1100, 3630, 1016, 4334, 7336, 178, -2, 4000, 850, 2494, 884, 296, 954, 1206, 890, 1756, 1998, 1512, 5450, 8128, 1402, 2280, 2416, 3938, 938, 1690, 1434, 3858, 6320, 3728, 556, 4540, 266, 656, 2486, 3098, 688, 1600, 3364, 4278, 1698, 3182, 1578, 5112, 148, 1618, -130, 1216, -170, 5276, 4566, 676, 2802, 4228, 272, 766, 602, 1582, 980, 8234, 2662, 242, 3914, 5956, 1124, 3354, 5700, 448, 176, 760, 6794, 3152, 2638, 296, 3470, 480, 868, 1554, 2364, 4602, 3944, 8978, 2168, 4900, 4388, 630, 780, 4076, 1270, 734, 2012, 3160, 1650, 1140, 1930, -250, 5888, 3668, 1732, 1952, 1760, 2076, 1008, 9356, 2278, -64]
*********************************************************************
Simulation Type:          Random
Learning Time:            0 sec
---------------------------------------------------------------------
Avg steps:                54.15
Avg reward/step:          25.977
Avg null action ratio:    [1.0, 0.339]
Avg invalid actions:      [0.0, 0.0]

Min steps:                6
Max steps:                221

Defender wins:            0
Attacker wins:            200

Steps each sim:           [71, 8, 7, 37, 42, 132, 18, 13, 30, 74, 89, 47, 126, 64, 26, 15, 85, 33, 81, 122, 78, 44, 26, 22, 67, 41, 126, 8, 112, 40, 101, 79, 186, 86, 57, 21, 16, 21, 150, 69, 19, 25, 99, 54, 19, 43, 174, 142, 64, 15, 63, 25, 31, 25, 17, 12, 10, 49, 32, 84, 13, 43, 54, 70, 53, 52, 70, 6, 70, 54, 36, 69, 78, 79, 89, 41, 59, 99, 30, 47, 15, 38, 87, 100, 31, 82, 34, 32, 45, 28, 115, 48, 39, 87, 57, 28, 49, 100, 73, 93, 24, 50, 36, 33, 76, 11, 94, 129, 60, 29, 31, 21, 44, 93, 52, 29, 70, 90, 157, 46, 95, 19, 100, 20, 31, 25, 49, 82, 21, 48, 11, 107, 56, 21, 27, 10, 40, 41, 27, 44, 17, 33, 33, 36, 37, 15, 20, 56, 43, 31, 98, 136, 61, 9, 98, 32, 23, 56, 78, 21, 72, 221, 42, 34, 102, 37, 62, 91, 18, 38, 60, 55, 35, 12, 59, 19, 73, 55, 7, 11, 11, 58, 35, 30, 77, 55, 85, 25, 29, 48, 22, 93, 83, 61, 48, 101, 15, 58, 22, 24]
Reward each sim:          [2224, -178, -190, 1064, 1018, 3848, 6, -82, 808, 2046, 2718, 1366, 4176, 2260, 526, 26, 2522, 392, 2714, 3078, 2088, 946, 384, 484, 1926, 1106, 3620, -128, 3868, 948, 3632, 1596, 5202, 2354, 1296, 390, 92, 372, 3900, 1636, 108, 222, 2846, 2104, 66, 1168, 5120, 3586, 1460, -14, 1194, 364, 772, 652, 202, 6, -66, 1620, 524, 2384, 66, 1270, 1716, 1854, 1610, 1592, 1314, -250, 1916, 1336, 906, 1300, 2020, 2434, 3164, 1216, 1564, 2764, 726, 1004, 132, 430, 2318, 2566, 468, 2562, 846, 930, 646, 500, 3300, 1326, 1032, 2908, 1594, 144, 1526, 2762, 2088, 3200, 562, 942, 1060, 434, 1710, -52, 3170, 4012, 1968, 306, 728, 480, 1378, 2692, 1100, 598, 2258, 2686, 4992, 1258, 2872, 114, 2966, 120, 770, 420, 1366, 2416, 234, 1264, -6, 2914, 1440, 236, 542, -160, 546, 1156, 338, 1244, 242, 586, 780, 1010, 814, 276, 426, 1680, 866, 620, 2314, 4280, 1736, -118, 2552, 630, 448, 1136, 2276, 534, 1474, 7708, 718, 940, 2846, 918, 1930, 2738, 308, 646, 1664, 1376, 654, 4, 1806, -28, 1932, 1628, -240, -304, -150, 1004, 794, 908, 2358, 1240, 2238, 620, 548, 968, 538, 2496, 2864, 1534, 1428, 3150, 174, 1600, 492, 470]
*********************************************************************
Simulation Type:          Static
Learning Time:            0 sec
---------------------------------------------------------------------
Avg steps:                21.75
Avg reward/step:          6.345
Avg null action ratio:    [1.0, 1.0]
Avg invalid actions:      [0.0, 0.0]

Min steps:                5
Max steps:                70

Defender wins:            0
Attacker wins:            200

Steps each sim:           [31, 32, 25, 14, 21, 30, 31, 6, 29, 33, 21, 14, 6, 32, 30, 21, 21, 35, 15, 48, 47, 39, 22, 40, 33, 18, 27, 18, 44, 21, 20, 63, 47, 24, 22, 23, 28, 41, 16, 7, 39, 12, 23, 19, 17, 26, 37, 9, 20, 32, 34, 9, 14, 38, 10, 13, 5, 19, 21, 9, 23, 11, 21, 21, 13, 40, 8, 18, 10, 9, 49, 37, 27, 18, 27, 58, 9, 44, 13, 20, 21, 14, 16, 7, 14, 9, 25, 30, 13, 21, 30, 29, 7, 16, 20, 7, 24, 26, 8, 15, 14, 26, 21, 8, 8, 37, 6, 44, 22, 29, 28, 28, 6, 25, 22, 54, 16, 13, 13, 11, 9, 48, 20, 23, 7, 23, 8, 5, 42, 13, 6, 12, 32, 32, 26, 11, 10, 13, 19, 11, 70, 15, 32, 24, 20, 6, 6, 12, 31, 10, 28, 35, 21, 13, 52, 18, 28, 37, 35, 11, 22, 14, 13, 20, 6, 14, 7, 25, 24, 25, 16, 31, 17, 22, 14, 9, 12, 27, 48, 13, 23, 11, 25, 32, 21, 18, 13, 9, 10, 13, 19, 8, 27, 11, 14, 23, 8, 14, 23, 15]
Reward each sim:          [460, 470, 200, -160, 210, 400, 560, -240, 40, 630, -90, -110, -240, 720, 300, -290, 110, 450, 150, 1030, 870, 840, -280, 850, 530, 130, 470, 80, 490, 210, 350, 1280, 820, 340, 120, -20, 680, 860, 160, -180, 540, -80, 280, -260, -330, 610, 670, -160, 150, 470, 390, -160, -10, 530, -200, -270, -300, -60, 260, -110, 30, -90, -190, 160, -270, 200, -170, 180, -150, -160, 1240, 770, -230, -220, 470, 1580, -110, 890, 30, 400, 60, -260, 210, -180, -210, -160, 150, 400, -170, -140, 300, 240, -180, 110, 0, -230, 90, 60, -170, -100, -310, 110, 110, -220, -170, 320, -240, 740, 470, 40, 80, 80, -240, 250, 320, 1140, -90, -170, 80, -140, -160, 1130, 200, 280, -230, 280, -270, -300, 770, -220, -240, 20, 170, 170, 160, -290, -300, -220, 190, -90, 1650, 150, 270, 240, -250, -240, -240, -180, 510, -300, 280, 400, 60, -270, 1170, 130, 430, 620, 550, -240, -180, 90, -170, -300, -240, -160, -180, -250, 540, 350, 160, 310, -30, -130, 90, -110, -180, 270, 830, -220, 180, -90, 500, 470, 360, -70, -120, -260, -100, -220, 40, -170, 420, -140, -160, 130, -170, -360, -270, -150]
*********************************************************************
A2C is the most effective algorithm with 95.1 avg steps.
A2C is the most efficient algorithm with 34.281 avg reward/step.
